100 100
66  56  65  98  66  18  18  33  37  65  15  73  51  95  4   2   16  97  29  35  51  7   91  11  16  75  21  48  24  14  12  80  9   96  81  46  35  78  7   25  16  39  73  95  39  0   96  49  22  54  68  17  46  30  40  93  65  56  99  92  15  17  60  48  27  22  17  7   5   87  19  2   58  37  94  58  36  68  47  93  83  80  23  69  35  22  88  1   80  12  80  19  1   36  9   35  57  30  34  48 
88  59  94  70  1   98  38  98  6   10  97  95  66  87  100 3   47  10  10  68  38  49  60  99  12  31  50  35  92  32  39  71  4   51  95  6   17  20  58  95  100 21  90  23  48  93  83  84  34  49  29  28  61  21  53  51  83  23  67  98  53  18  36  1   13  48  65  41  42  54  6   79  53  41  64  75  64  16  42  55  53  10  83  7   28  26  31  26  26  2   61  49  95  5   78  16  60  87  63  94 
57  34  34  48  16  43  34  25  88  7   32  62  17  63  4   3   82  53  46  59  25  24  32  64  20  11  24  36  17  28  63  26  13  98  60  75  66  99  56  11  33  71  81  38  52  62  61  41  42  59  37  88  47  23  53  4   82  98  59  13  45  41  72  93  34  63  2   83  10  93  7   43  86  16  33  72  93  98  36  91  99  43  89  32  60  10  16  73  83  53  33  63  84  72  6   66  2   81  14  98 
7   57  55  45  69  78  60  44  92  36  37  43  60  13  47  98  66  14  62  64  2   96  61  45  45  64  41  64  42  37  23  36  70  43  3   67  15  84  3   23  67  17  29  88  80  8   85  85  21  23  36  41  100 96  97  57  88  84  68  49  85  63  24  69  75  79  97  22  4   96  40  41  2   54  85  58  23  89  16  27  34  33  2   19  0   77  92  63  70  16  51  78  24  61  90  62  7   15  44  60 
19  27  95  99  62  1   58  91  66  85  57  87  83  51  7   44  0   79  6   51  78  88  73  65  6   83  100 47  20  88  67  9   0   89  6   43  62  87  12  51  9   13  91  4   44  17  8   43  53  42  62  99  100 70  19  58  6   0   14  15  46  71  95  24  81  64  58  0   35  52  11  42  41  85  85  77  68  57  91  93  71  45  61  17  89  92  72  34  29  2   80  82  3   95  80  63  6   89  5   74 
95  97  51  55  46  71  45  96  83  73  53  50  1   13  88  48  18  21  4   34  49  82  76  63  9   75  41  64  35  34  39  95  91  66  36  75  17  4   15  97  12  96  89  40  37  1   16  87  5   83  68  30  12  24  39  8   47  68  75  36  76  90  73  69  46  21  0   64  53  22  72  51  92  17  5   93  42  54  2   50  31  68  98  76  49  70  99  69  15  56  23  28  17  47  99  57  83  93  67  9  
100 70  52  43  99  62  55  59  3   14  92  2   88  1   53  23  78  28  5   7   23  1   88  87  66  11  29  65  77  74  82  57  6   76  60  43  87  18  40  38  14  76  97  98  67  53  33  52  69  18  89  37  78  68  69  13  6   66  72  15  70  68  29  71  12  67  35  46  84  57  71  100 44  92  25  23  66  1   28  71  41  75  31  79  64  91  65  29  76  0   7   74  47  37  74  87  3   94  59  27 
78  63  26  57  21  50  20  85  26  60  41  21  17  7   6   27  43  33  68  80  47  66  40  0   3   32  15  33  14  7   61  12  44  78  86  36  26  74  6   32  76  73  5   17  57  63  40  66  75  82  66  75  41  42  1   21  33  2   45  75  10  50  42  82  79  95  91  60  67  32  85  53  47  86  32  82  24  80  81  93  14  98  26  21  96  14  97  77  23  38  48  2   74  56  20  61  98  29  88  65 
45  21  35  75  46  8   39  77  53  36  33  92  26  19  58  86  38  85  67  93  52  89  99  77  18  90  80  7   48  79  51  64  18  97  20  11  88  16  15  41  57  10  13  10  80  16  55  77  60  48  86  38  43  66  49  41  11  36  39  69  4   99  12  8   37  14  54  29  19  55  78  39  56  97  11  78  79  75  18  0   48  75  38  64  52  65  70  70  29  85  1   94  96  90  52  85  34  64  62  48 
60  12  94  60  83  63  88  77  83  47  27  14  96  61  58  61  11  87  98  37  71  50  52  26  9   87  42  43  35  77  67  12  22  0   57  79  7   2   42  27  70  45  1   25  99  32  3   53  16  18  95  59  1   47  86  79  5   61  92  10  51  77  42  57  85  42  37  97  74  63  69  85  88  40  36  12  89  90  19  84  40  85  10  36  78  0   76  16  3   16  96  29  32  87  12  74  3   7   37  90 
85  54  39  33  59  51  8   78  70  96  34  2   100 53  36  5   28  66  19  43  9   19  98  12  1   13  35  96  63  2   47  73  27  26  6   51  13  37  4   31  33  68  9   9   15  69  4   27  53  78  33  50  9   24  78  72  42  38  77  38  16  74  6   98  10  85  53  13  4   52  21  64  0   78  69  46  51  39  1   100 62  93  23  91  32  1   41  40  84  90  75  43  33  44  23  8   74  83  93  95 
90  22  74  69  94  93  91  27  8   93  50  16  22  20  18  72  67  58  18  7   80  50  15  31  57  18  43  57  73  19  27  67  100 11  52  15  7   5   85  88  52  9   37  81  97  44  92  13  87  36  98  79  73  79  89  55  61  27  85  36  96  51  33  21  43  43  98  11  86  34  66  84  99  38  2   99  3   57  32  31  5   20  6   95  84  90  37  95  84  58  2   64  9   99  60  45  20  25  6   39 
33  50  58  17  18  67  30  66  80  58  15  9   1   98  28  9   83  0   30  74  91  30  35  83  25  17  56  31  74  79  2   21  93  94  23  72  90  20  60  92  49  62  25  99  83  64  61  22  95  82  58  76  63  10  11  94  50  4   40  30  89  54  29  16  41  0   59  72  76  19  62  75  30  40  29  53  64  58  21  44  70  83  27  99  50  28  91  40  13  85  45  36  38  75  49  88  73  93  85  66 
68  56  63  88  52  83  76  49  88  60  36  39  67  77  88  60  80  29  62  74  93  34  61  89  48  83  57  89  68  98  80  40  12  32  0   86  91  92  34  70  24  13  52  32  19  54  32  41  0   53  25  75  10  89  11  99  9   55  61  71  11  98  23  77  16  53  3   6   49  32  28  27  12  9   97  76  48  28  56  49  58  82  9   35  67  75  55  64  98  40  26  87  82  43  71  91  42  43  100 95 
84  23  69  93  78  18  98  72  41  38  17  1   77  90  93  40  99  8   70  9   51  15  28  82  33  83  77  30  25  39  11  6   48  88  29  72  16  2   62  3   42  31  82  93  6   78  1   78  26  95  38  93  32  49  83  22  85  88  69  90  52  53  2   61  20  92  62  93  71  61  62  20  63  25  28  77  59  46  93  8   11  85  92  17  33  76  16  57  73  71  38  36  70  63  10  28  93  28  25  70 
59  51  69  8   65  1   26  41  84  92  21  44  27  77  89  79  21  24  36  98  85  39  24  51  25  64  5   74  46  60  32  82  23  85  28  66  44  45  33  40  20  13  55  12  18  79  97  32  65  64  6   40  97  65  47  97  35  19  8   84  9   91  15  0   53  61  33  46  13  49  46  59  70  49  25  80  0   64  59  70  48  66  31  12  99  1   74  19  26  34  94  61  65  2   83  90  43  5   10  3  
73  90  4   68  35  33  26  91  50  73  51  26  30  83  3   80  50  91  75  90  9   55  64  86  99  13  41  33  1   65  47  6   41  6   44  38  64  14  45  97  100 13  7   33  59  33  26  40  18  40  51  88  67  23  78  78  54  31  76  91  47  86  15  87  35  44  80  94  23  73  89  55  61  47  44  27  57  18  1   46  80  41  20  69  57  56  43  58  27  72  8   13  75  12  52  3   73  28  69  37 
0   4   44  34  54  79  99  58  21  78  44  27  57  35  81  19  92  50  14  27  61  65  29  35  82  69  31  52  33  48  3   76  100 50  99  23  74  64  41  99  69  68  41  19  61  97  67  5   32  76  18  83  14  58  49  10  75  11  68  96  60  9   18  71  12  48  100 68  12  26  35  31  7   94  72  52  43  60  73  72  98  62  40  30  93  89  95  34  44  52  94  29  22  1   42  11  72  13  11  20 
39  19  94  22  42  49  22  71  11  13  7   23  36  36  78  89  63  30  41  37  8   87  82  35  44  40  67  5   0   64  99  65  62  25  16  67  75  89  31  84  98  84  41  34  80  82  86  31  21  77  74  89  64  94  97  2   68  7   67  2   92  6   33  16  20  95  27  24  3   49  91  14  26  63  61  68  63  39  30  7   34  92  80  60  96  94  34  39  16  30  90  76  72  47  83  28  39  14  88  23 
39  97  31  13  91  27  99  85  72  70  47  47  74  33  66  4   5   95  60  70  15  46  34  52  14  72  76  38  35  4   51  33  22  14  11  18  28  35  23  43  43  85  66  67  18  6   75  18  65  71  21  99  1   12  44  65  12  87  74  17  9   40  74  76  74  39  84  3   41  75  98  48  43  82  75  9   70  7   22  92  14  37  62  72  44  37  60  6   5   20  8   58  45  55  77  51  16  65  30  12 
8   51  35  16  56  48  90  100 53  91  63  0   42  45  85  13  57  5   26  54  76  99  11  30  55  36  60  61  56  31  34  1   100 14  21  56  67  44  46  36  2   89  89  82  100 32  82  33  42  29  16  70  75  8   92  24  16  69  62  17  97  35  29  32  27  12  88  68  48  31  30  95  45  69  97  21  82  72  58  64  95  11  5   45  35  4   46  39  1   63  54  96  76  0   87  27  58  57  5   26 
20  54  66  65  53  98  50  88  45  45  51  77  53  21  9   79  86  62  85  31  25  52  68  34  77  8   87  10  92  23  31  37  85  28  17  23  68  92  68  29  87  49  52  63  33  100 38  65  83  86  95  93  33  26  17  48  29  81  0   32  52  83  28  37  1   77  66  54  0   88  70  88  6   71  39  51  63  29  44  19  14  20  77  68  98  34  59  34  64  8   33  60  90  23  65  6   47  48  59  87 
86  14  18  54  75  47  18  97  13  44  51  28  6   27  51  30  12  75  34  98  34  63  68  100 85  48  41  38  58  81  90  44  47  48  95  37  97  27  48  49  92  63  86  75  49  45  17  38  64  14  40  42  5   67  21  82  29  55  94  22  38  76  31  60  97  95  19  68  95  49  90  71  94  16  49  93  19  73  32  29  54  6   16  95  54  23  50  51  75  80  68  83  40  60  75  73  16  96  72  65 
84  32  83  13  20  66  97  66  41  77  93  79  12  99  52  82  97  42  64  20  50  55  75  98  78  58  80  18  1   42  67  94  86  74  29  79  15  41  80  20  44  50  43  38  84  81  84  7   7   66  33  4   97  63  95  5   77  29  77  96  92  16  18  83  16  29  7   82  67  33  80  91  89  16  77  34  36  0   17  98  15  45  49  17  32  94  46  62  100 27  27  68  5   20  96  61  78  3   50  75 
59  20  65  81  26  61  17  25  85  74  81  61  25  20  91  9   26  20  91  14  48  0   68  64  83  40  82  70  73  11  80  43  76  79  57  24  20  11  25  51  38  96  72  7   86  78  71  94  66  95  87  88  62  13  42  49  3   26  68  85  10  88  23  55  22  27  91  12  5   72  40  74  4   51  7   68  18  36  71  45  27  87  42  84  89  63  25  20  94  14  30  43  100 71  33  81  17  69  69  37 
62  23  68  85  65  65  68  53  44  28  90  29  35  29  46  43  72  40  71  31  45  85  81  55  75  87  90  49  87  61  66  7   8   43  4   10  77  70  10  38  35  39  96  73  82  35  99  66  7   3   71  100 32  59  74  44  98  92  0   24  56  27  33  37  74  22  98  88  46  95  46  69  100 70  21  78  6   41  4   62  3   14  75  44  11  29  89  60  11  9   83  20  32  41  49  85  3   46  68  22 
76  11  61  8   5   21  63  85  5   10  12  64  70  83  43  11  75  14  98  68  85  45  37  65  48  80  31  78  44  35  85  3   71  7   84  46  28  47  76  100 87  4   31  84  7   82  73  24  63  82  6   45  66  68  57  28  77  18  69  50  79  85  57  7   94  73  82  76  41  61  80  84  45  79  58  4   68  63  81  39  19  3   47  66  72  58  41  56  25  3   74  56  61  45  70  50  5   23  25  74 
21  31  52  18  88  14  7   55  84  100 67  60  25  68  85  19  38  86  97  92  77  35  23  56  34  28  59  58  23  86  69  34  77  2   63  34  32  54  61  81  36  15  55  32  32  5   1   46  27  85  48  27  19  47  52  39  16  91  11  99  67  2   58  97  28  92  72  9   40  13  9   12  59  40  7   83  36  89  88  56  83  94  33  10  49  99  73  95  66  63  77  82  89  16  27  70  16  52  79  41 
5   90  92  34  27  78  49  84  20  45  25  15  42  47  72  82  54  28  64  84  44  58  40  60  13  23  11  75  55  4   8   76  94  78  38  34  47  4   10  18  82  81  67  71  12  27  63  97  57  45  70  44  27  30  89  33  45  6   100 87  14  51  42  68  71  63  34  88  21  33  67  27  17  9   42  29  71  43  100 89  30  67  81  59  96  15  81  25  22  62  16  89  62  43  88  70  72  57  78  90 
62  76  53  4   60  29  96  24  91  88  92  3   13  11  68  51  88  48  33  37  96  79  2   45  82  90  78  98  29  58  82  40  65  75  54  95  93  55  15  61  84  4   96  92  33  7   46  85  62  24  35  65  3   72  63  76  78  14  77  66  74  6   79  63  5   58  1   33  22  17  34  61  93  67  97  0   32  0   70  90  78  1   64  55  5   74  59  42  24  37  2   90  20  25  86  39  23  37  66  92 
91  36  69  100 1   87  66  31  89  13  5   6   24  45  28  33  60  32  58  7   52  20  100 60  61  90  21  37  54  90  37  58  98  73  30  68  79  56  90  7   30  12  69  42  65  76  24  38  77  90  43  92  4   64  30  40  23  59  74  24  72  11  58  35  5   50  86  79  97  90  41  47  95  51  16  20  32  76  4   91  61  2   69  69  2   6   39  20  87  57  93  7   90  40  27  81  60  73  14  54 
24  79  99  73  11  46  5   72  33  41  71  73  73  65  35  75  56  58  7   45  45  89  17  42  82  32  52  33  97  21  19  100 26  0   13  85  88  30  44  46  20  48  53  94  86  32  6   6   15  56  0   34  26  47  85  59  56  19  33  67  80  0   72  25  21  98  63  72  84  76  10  66  20  87  82  22  2   75  22  58  94  51  84  69  1   22  57  67  13  65  64  25  36  8   71  39  53  47  3   62 
71  70  71  71  86  14  4   15  29  60  65  59  26  80  43  48  35  70  12  29  24  71  67  14  15  99  36  20  44  4   16  46  29  34  53  32  10  83  63  29  47  51  6   69  67  30  10  16  20  8   14  50  93  65  38  71  68  19  73  35  1   54  25  42  25  40  69  99  56  84  67  80  10  31  76  38  14  1   2   12  7   96  100 33  35  15  98  16  42  17  66  77  48  55  18  56  91  99  2   36 
96  56  19  26  6   65  91  44  44  72  13  94  81  49  50  45  66  27  78  19  11  12  31  18  95  81  47  95  75  1   43  21  6   7   72  47  92  84  31  32  24  4   16  76  92  7   28  83  12  81  78  53  67  5   9   64  97  89  34  88  62  5   83  24  29  80  24  27  40  63  77  33  46  29  71  82  93  35  72  76  81  25  96  19  50  64  99  47  66  9   91  63  57  27  75  10  41  54  3   5  
21  23  76  39  25  80  14  79  100 50  19  0   77  11  59  64  8   46  95  18  20  71  7   88  6   1   99  7   0   43  2   46  9   100 79  0   8   63  40  72  20  36  67  25  56  54  72  41  92  20  22  43  26  18  37  95  37  78  20  99  1   48  19  0   16  54  96  13  41  42  35  36  57  35  88  47  100 10  96  54  22  94  36  51  31  6   44  64  71  0   61  93  82  68  83  59  62  61  44  0  
67  16  78  11  70  71  49  41  4   22  79  82  30  6   1   52  96  35  69  90  96  100 42  94  33  75  64  42  86  52  27  28  38  5   73  77  37  81  35  74  51  88  21  1   83  86  51  1   42  67  4   26  89  86  76  43  99  31  66  82  89  30  89  32  46  85  24  80  18  87  4   94  2   49  72  11  95  88  49  83  80  50  75  46  63  18  99  88  22  33  90  92  94  72  71  96  72  10  54  85 
18  60  0   91  97  78  52  7   71  60  58  44  80  18  10  46  98  26  60  29  22  84  12  38  86  33  53  57  81  29  44  58  73  1   63  63  45  27  89  92  18  73  35  33  37  65  5   60  46  59  31  80  76  15  96  43  36  20  72  3   56  0   93  58  1   30  18  27  79  43  20  99  51  81  9   1   8   43  29  52  53  36  43  25  41  47  13  91  82  73  68  53  40  82  100 71  72  59  57  84 
69  78  6   41  62  79  79  50  0   85  18  60  88  43  53  30  30  11  69  95  12  80  5   38  34  33  56  77  1   27  91  75  91  21  48  77  52  23  66  70  100 33  56  29  34  18  20  2   24  4   99  59  30  4   8   11  42  41  61  42  1   93  38  33  40  35  89  6   76  91  86  43  54  16  82  10  35  45  58  91  4   4   77  95  70  18  21  46  76  83  33  57  53  69  96  63  79  45  82  8  
31  84  77  56  45  5   4   92  9   94  86  26  81  54  43  42  28  100 21  5   14  33  50  35  65  86  99  67  26  97  93  45  18  100 69  84  78  31  62  17  71  86  67  0   75  92  31  23  18  78  81  11  97  73  60  68  6   88  73  31  46  72  49  83  44  69  11  11  18  0   46  97  45  33  19  93  73  55  24  87  9   100 33  23  47  48  65  45  71  68  39  2   14  18  6   67  32  91  13  22 
93  36  31  11  8   100 51  51  77  40  0   72  22  5   75  94  7   25  18  46  62  48  24  100 32  38  59  84  52  64  10  85  16  90  96  59  77  35  92  94  76  63  2   86  100 30  14  33  51  75  3   40  83  31  24  42  77  76  40  11  34  69  35  64  83  79  69  82  6   41  94  81  50  20  75  33  94  72  37  31  43  5   51  52  27  48  76  81  72  98  9   0   37  5   96  18  71  27  28  82 
29  33  90  19  41  87  35  83  44  81  79  100 69  53  19  89  71  65  77  26  34  68  45  85  34  27  81  11  33  91  34  29  8   29  96  12  27  50  87  58  78  93  89  99  19  20  93  55  79  76  68  4   52  15  78  57  64  51  77  12  49  56  80  69  12  3   44  34  1   80  40  18  69  67  70  95  21  2   78  100 80  69  64  0   53  59  63  72  99  41  100 30  58  96  33  9   83  92  9   1  
45  20  70  50  94  0   22  25  43  97  92  44  94  52  95  8   69  28  75  42  20  19  0   98  84  94  89  86  25  72  57  86  73  15  87  86  51  92  72  34  35  34  26  73  46  7   56  24  87  84  75  91  52  65  38  26  63  73  32  38  31  98  57  41  12  41  41  51  68  40  1   27  58  73  44  78  95  31  39  28  40  41  89  56  81  47  22  9   32  80  16  93  97  94  81  47  49  63  40  24 
61  84  66  49  80  30  64  39  61  42  99  1   0   57  85  9   74  21  13  72  86  45  93  56  54  49  20  53  49  0   16  43  26  24  57  51  11  67  33  33  75  85  56  24  47  9   38  10  85  34  67  66  45  72  19  46  9   91  12  67  64  79  64  8   2   84  33  99  48  26  86  43  88  27  93  56  66  84  82  67  52  99  71  4   87  42  22  52  49  89  72  36  83  60  89  5   77  54  69  95 
36  18  76  35  31  15  6   100 55  86  27  96  83  30  81  88  58  51  97  52  99  26  30  44  52  26  8   89  29  91  65  36  9   63  56  31  74  50  36  81  1   85  49  93  0   47  76  88  5   5   37  38  10  42  11  80  85  88  66  64  50  48  7   87  28  2   25  11  37  98  28  37  29  94  37  86  77  51  2   94  0   58  28  70  99  31  94  17  91  46  75  51  40  45  70  93  28  65  71  86 
82  81  37  83  31  38  17  77  39  76  78  45  58  58  33  62  51  87  2   16  50  24  20  96  91  98  25  1   100 36  52  62  57  100 93  68  23  35  98  84  83  58  64  24  91  61  97  5   38  25  45  87  0   18  16  3   26  52  9   37  77  22  76  37  91  84  80  68  97  50  21  12  51  56  73  29  0   52  13  85  51  99  36  76  37  20  72  85  9   41  35  82  50  72  27  85  3   89  62  42 
92  89  48  89  11  64  2   10  21  42  45  78  92  11  60  100 2   11  56  67  18  60  53  85  86  89  94  24  47  81  3   9   81  9   91  19  44  40  84  24  7   57  51  68  73  0   70  1   54  34  6   47  38  100 80  92  73  24  92  46  76  15  29  34  31  47  100 53  94  82  29  80  64  82  37  90  70  7   73  30  7   25  54  83  74  43  13  60  89  15  7   37  98  78  13  42  3   0   54  67 
13  14  14  24  86  13  74  69  54  94  78  7   73  94  50  60  86  59  36  46  50  70  51  17  48  22  71  66  20  59  69  50  1   37  89  55  57  32  80  3   43  33  1   21  17  33  33  82  73  43  74  69  20  100 57  0   16  42  65  84  21  76  64  50  31  88  34  73  54  79  94  26  49  8   82  94  99  8   89  81  50  64  9   97  28  87  93  39  66  94  22  51  58  12  79  77  87  89  25  32 
52  97  27  20  42  10  88  58  20  7   59  76  8   53  57  77  80  98  31  84  85  38  99  70  10  12  33  86  42  0   30  88  48  44  6   5   57  43  1   35  71  23  81  44  39  17  4   40  87  35  90  46  6   42  24  24  23  1   61  9   84  89  35  48  2   27  16  2   55  41  78  14  52  94  72  5   64  48  80  15  95  100 0   38  13  27  89  91  8   91  89  62  83  100 32  90  80  7   0   10 
100 3   50  83  75  61  20  17  88  10  86  3   33  92  73  93  9   81  75  20  70  83  90  36  2   97  14  19  41  92  91  54  41  3   71  38  30  20  27  11  78  80  20  6   32  53  43  66  31  68  23  74  25  66  84  35  22  92  62  77  12  45  67  91  16  100 1   98  57  85  42  100 77  37  79  49  82  0   29  23  96  17  2   100 27  10  59  13  22  23  90  44  98  77  44  91  45  18  89  43 
79  82  32  13  72  78  44  87  26  45  35  77  93  53  96  69  96  17  72  11  52  33  74  62  28  69  13  5   87  64  11  64  24  19  57  9   27  58  16  50  58  21  75  9   57  41  64  21  54  96  52  46  41  94  81  83  83  19  39  87  19  82  33  35  21  4   66  78  7   68  52  98  16  13  84  64  44  14  16  4   49  38  44  56  68  31  63  85  79  99  70  13  7   38  78  7   31  55  18  75 
16  89  29  58  93  2   43  63  66  21  40  50  64  28  89  7   54  28  80  28  21  97  11  37  17  46  76  5   26  92  19  8   41  4   8   49  86  50  61  72  1   14  91  77  71  5   42  38  22  89  77  53  0   35  91  14  25  8   85  80  16  4   66  56  20  2   81  28  41  16  91  74  40  100 22  60  26  1   56  14  100 38  1   31  12  49  54  21  90  19  68  24  6   31  98  17  38  91  71  36 
56  18  3   77  98  88  76  97  80  91  28  24  95  16  65  31  44  42  27  94  22  70  38  32  72  16  55  78  8   64  22  92  64  10  14  15  90  28  20  27  99  24  87  9   61  79  15  99  22  92  26  43  73  66  35  98  42  21  78  93  20  41  83  9   32  49  2   42  94  3   15  60  7   88  89  74  58  6   1   20  60  56  28  84  49  21  12  44  55  45  1   56  97  82  12  18  10  10  44  75 
24  50  35  96  56  27  40  46  60  46  60  71  44  98  46  24  38  68  70  25  84  12  66  5   3   94  81  53  70  10  46  46  29  48  75  76  2   82  55  97  44  3   56  22  73  16  1   27  2   94  89  29  15  47  86  90  83  19  52  91  13  95  87  7   72  83  85  1   1   28  77  22  21  15  78  31  84  26  91  62  47  36  67  51  1   17  35  72  38  21  79  31  93  54  97  33  43  44  44  11 
71  92  24  95  85  72  26  80  39  38  35  15  63  66  58  77  100 53  87  90  19  100 97  1   94  34  5   16  11  86  62  72  1   76  29  72  39  31  61  89  92  67  80  87  16  3   16  2   70  22  87  75  5   27  78  58  80  18  63  65  98  67  28  42  62  48  82  79  38  32  93  84  37  19  45  49  97  47  19  37  87  75  39  23  95  23  12  23  80  4   15  1   30  47  10  54  48  88  14  18 
96  42  9   29  63  84  78  60  72  80  98  21  94  81  4   88  75  77  15  58  91  20  40  65  57  61  79  79  54  57  50  15  96  60  30  50  90  13  34  95  100 62  16  74  87  49  69  45  61  21  23  34  78  88  8   76  10  52  53  1   5   46  29  17  78  37  61  24  65  19  73  38  38  80  37  4   95  74  74  8   90  48  42  3   41  92  35  57  18  49  16  22  28  58  31  86  99  83  42  92 
11  76  58  84  91  75  46  83  43  98  92  5   77  10  43  68  68  25  45  38  29  70  22  10  12  83  70  71  61  36  66  2   48  55  75  44  9   29  39  36  0   34  57  98  7   83  10  70  50  31  42  90  93  68  41  2   57  10  62  97  25  53  66  17  64  26  47  54  79  36  72  80  46  53  65  67  99  5   67  39  66  3   72  89  40  24  56  56  74  62  87  15  84  2   79  9   9   90  81  44 
51  15  27  43  93  85  2   24  0   80  94  18  86  50  90  86  56  6   77  51  97  66  31  33  11  11  25  77  90  69  22  94  3   31  99  76  84  15  18  53  50  34  83  24  11  91  78  4   78  51  84  28  2   17  98  45  98  35  81  73  56  58  38  48  65  0   99  39  42  74  92  85  2   8   41  76  22  75  96  15  65  31  49  35  1   98  85  75  54  42  95  19  55  11  34  2   93  84  98  97 
22  93  87  36  17  32  92  62  64  14  9   49  52  9   99  86  60  98  31  85  94  15  68  59  2   76  84  28  86  44  45  1   57  43  49  45  42  42  33  68  2   24  27  97  95  73  44  16  13  67  33  15  37  23  5   48  20  65  81  80  44  53  15  49  23  27  71  4   9   40  9   75  12  14  61  14  4   3   44  52  42  20  32  30  44  18  64  27  59  54  81  60  18  78  35  82  73  39  84  35 
26  80  24  44  57  48  25  19  77  78  25  21  15  29  8   34  100 4   51  71  14  4   48  47  12  54  2   30  50  82  15  68  47  40  92  64  31  17  10  60  29  24  88  9   73  57  68  7   30  3   11  35  41  98  55  66  82  4   16  21  64  32  59  8   87  79  62  67  100 44  52  49  42  83  88  59  45  82  67  90  44  29  58  61  78  69  71  83  47  71  4   71  0   56  84  15  3   87  29  5  
12  49  96  76  76  22  98  68  42  13  68  51  47  59  94  95  21  92  48  83  6   95  21  50  86  79  76  97  2   72  63  100 44  5   85  32  37  2   21  23  22  52  3   43  73  57  11  100 80  98  61  84  55  23  52  80  30  46  100 75  39  70  49  49  50  0   20  72  53  14  8   52  91  80  11  53  51  97  18  6   53  85  12  26  22  85  53  16  71  87  11  27  41  33  30  65  68  43  96  51 
3   92  52  77  23  60  17  53  24  60  76  54  14  17  45  65  28  17  59  81  30  53  78  54  86  43  71  16  52  69  29  7   68  32  34  22  29  62  70  53  98  89  100 56  14  62  21  78  83  81  6   47  41  63  46  24  4   88  13  19  79  70  69  25  2   23  4   42  36  70  84  32  82  75  62  55  3   49  40  12  62  98  87  42  59  18  39  21  65  12  79  25  1   27  16  69  70  62  95  64 
26  15  13  59  63  17  1   37  58  79  20  69  23  32  13  11  14  51  11  8   82  54  66  47  76  85  95  41  60  78  90  41  12  34  24  8   5   93  71  19  77  35  57  6   91  56  41  99  95  80  2   45  36  10  43  87  41  47  78  80  90  97  46  56  85  44  16  55  58  13  76  89  45  38  73  39  1   12  9   59  94  3   19  55  2   41  43  98  28  12  19  68  69  69  31  3   75  12  61  31 
66  74  67  21  13  95  0   11  33  66  55  80  65  90  13  89  10  12  78  49  58  99  54  75  76  27  35  39  44  41  63  57  31  75  23  44  84  43  49  51  69  13  65  41  16  72  98  77  96  30  97  34  96  50  22  44  96  89  21  62  27  44  9   38  72  66  71  52  65  48  80  45  52  27  85  69  86  89  65  97  56  35  46  90  87  64  37  37  36  55  56  27  98  15  0   31  16  46  56  68 
56  19  31  33  70  94  25  99  86  76  70  86  76  67  69  93  57  44  23  49  46  10  6   9   28  51  81  61  1   44  88  40  34  69  42  100 40  17  28  88  10  22  51  95  85  7   9   91  15  28  38  52  12  50  0   4   88  89  17  92  37  16  81  49  59  10  0   66  68  87  0   91  84  71  95  98  5   4   37  24  15  88  56  49  22  46  82  3   53  91  21  94  60  66  57  35  87  36  45  12 
49  30  23  71  37  20  13  62  28  11  97  23  72  84  76  99  91  68  53  96  92  91  99  37  41  6   74  91  75  79  0   84  45  49  83  70  66  95  27  87  89  70  44  2   42  1   50  64  35  41  29  5   100 21  3   59  39  58  16  23  43  30  55  79  53  73  98  43  84  44  7   10  99  99  72  91  17  0   89  49  20  2   10  61  98  27  15  4   95  47  38  15  82  48  100 9   39  53  86  34 
29  40  17  16  48  74  30  44  55  23  73  28  58  96  77  4   77  15  52  33  33  8   18  66  76  94  42  71  12  63  3   95  47  28  64  13  84  27  88  57  69  7   9   62  30  92  22  13  35  64  85  81  68  94  40  15  15  37  33  46  37  71  72  41  13  4   82  33  8   95  50  8   23  51  92  94  92  70  13  73  23  38  52  72  99  74  89  25  31  40  0   38  37  92  69  26  81  92  50  93 
72  27  93  60  18  92  89  75  4   90  88  3   44  64  38  52  7   22  72  90  77  90  96  57  87  93  85  9   76  6   32  87  27  97  24  88  18  31  74  22  10  94  34  69  53  77  19  58  1   97  42  3   88  81  63  97  79  16  81  68  44  22  44  11  9   65  94  81  37  63  35  36  44  80  50  1   13  86  11  98  5   91  14  29  85  87  35  80  56  85  48  96  68  64  4   91  32  17  54  54 
5   45  44  90  46  79  39  9   20  52  14  18  68  99  7   11  85  67  71  53  50  62  44  37  3   89  100 66  69  90  68  33  47  47  17  57  82  65  23  18  86  22  58  26  74  43  46  81  57  83  96  99  64  31  98  83  53  23  23  34  4   59  46  25  63  56  80  83  73  74  78  23  75  1   42  26  37  91  32  51  0   40  1   79  6   75  88  76  89  53  29  41  8   48  97  90  71  62  25  71 
98  96  98  26  44  93  26  83  54  82  25  43  14  98  82  0   21  0   61  80  39  41  99  54  30  7   45  76  19  61  35  13  12  69  76  38  51  71  86  53  37  57  21  48  11  85  51  86  93  12  28  2   21  44  50  47  48  59  99  76  92  13  85  36  58  78  60  68  81  42  31  47  1   84  74  75  37  0   65  58  27  3   14  99  90  99  35  62  78  16  93  39  27  67  97  10  95  97  18  6  
78  83  13  13  20  51  63  12  53  64  68  82  38  38  69  92  38  45  44  74  54  50  87  86  9   42  98  35  86  34  56  90  70  84  10  86  51  98  23  0   34  93  49  57  60  54  31  91  41  1   82  4   56  83  38  21  53  26  90  34  55  86  60  55  74  16  69  57  26  82  65  51  25  54  32  97  45  3   10  23  81  18  55  78  7   9   42  35  0   63  19  27  95  68  96  71  14  27  95  73 
7   70  14  67  66  98  74  8   97  62  11  74  86  41  39  59  8   45  95  88  3   11  93  90  87  31  60  92  47  78  52  78  37  28  29  78  52  99  34  53  35  52  54  75  8   39  51  14  88  2   10  17  58  92  16  78  67  57  95  10  32  93  71  61  52  79  2   79  28  39  37  68  43  2   49  44  6   96  70  50  68  93  42  47  47  43  100 92  100 51  36  54  97  36  31  21  49  85  9   59 
29  38  14  96  19  39  47  17  25  36  96  77  44  94  16  76  55  73  77  44  62  22  98  87  88  98  13  81  12  83  64  18  79  37  98  58  15  30  99  48  25  12  99  20  12  98  73  13  30  45  18  29  90  28  43  85  10  58  6   27  22  17  0   50  3   70  46  77  45  60  57  60  86  24  20  99  71  55  99  96  33  46  28  75  71  47  14  75  68  30  26  31  86  86  23  54  15  63  71  20 
91  72  52  58  10  32  72  13  3   79  64  17  16  29  12  63  14  18  28  84  45  19  43  42  21  9   86  6   16  34  50  62  1   27  1   15  87  60  4   0   55  91  48  77  64  68  74  55  17  56  94  65  94  16  16  84  66  76  79  22  89  30  11  42  22  10  7   81  32  47  32  33  3   80  41  12  34  22  46  59  51  50  16  60  63  39  54  39  99  93  76  56  50  58  52  23  6   12  50  60 
96  20  21  20  26  68  64  16  32  26  28  30  18  75  58  17  4   85  61  71  77  60  100 65  80  5   86  92  96  24  33  61  76  83  12  76  74  60  50  67  3   0   60  95  39  61  40  40  65  36  98  45  62  10  42  22  69  50  97  45  100 32  18  9   37  88  34  39  52  13  2   64  12  1   22  60  63  62  32  77  68  45  76  69  48  2   44  1   82  80  84  89  27  87  97  42  77  7   34  19 
27  63  29  58  68  50  26  6   14  50  61  25  14  39  90  88  49  68  2   30  7   20  21  9   10  72  34  58  52  75  55  77  10  1   24  52  13  22  99  19  19  85  73  77  83  47  88  13  40  78  64  1   13  54  57  88  100 47  64  35  7   83  90  72  57  9   77  98  45  49  66  70  92  62  7   15  96  14  81  61  28  6   54  63  82  76  93  6   66  19  1   88  65  24  51  89  1   99  75  40 
35  43  23  49  47  34  56  36  44  80  68  75  68  26  28  66  5   54  42  53  46  62  79  53  91  54  94  26  6   58  98  15  13  81  53  99  80  8   59  34  92  73  58  57  61  13  52  95  68  44  19  26  17  72  88  14  85  90  77  10  68  27  91  48  91  13  50  82  35  78  40  55  75  42  78  21  24  83  59  2   66  97  98  84  28  25  78  48  48  23  13  59  65  8   21  54  11  1   55  99 
54  61  47  11  82  52  62  58  81  80  72  47  38  91  71  12  19  78  7   100 34  69  40  4   11  59  66  28  99  12  5   89  95  34  69  68  87  22  48  71  55  47  97  9   72  41  70  77  83  31  22  72  81  40  78  40  7   83  64  57  48  18  64  78  80  96  25  8   59  46  59  79  19  96  99  95  17  40  7   23  11  3   75  72  90  63  15  70  28  80  36  34  23  46  58  99  88  10  81  65 
19  79  85  13  86  58  71  73  13  86  49  38  12  91  22  63  2   22  28  16  40  73  16  51  22  63  43  99  69  59  69  30  36  43  81  8   7   11  65  25  40  43  58  78  69  67  55  76  27  15  69  55  29  1   66  75  22  83  62  23  7   41  1   75  82  97  18  85  60  10  87  24  12  17  31  60  63  44  44  36  85  26  95  31  9   8   88  9   87  85  94  91  77  33  25  28  68  53  66  35 
47  57  4   43  60  80  94  76  55  31  96  89  88  55  71  68  45  36  96  65  64  70  3   21  78  68  82  48  31  96  80  31  79  91  100 63  65  65  38  49  33  42  76  9   11  91  84  5   85  48  69  58  8   77  91  50  82  74  89  27  40  99  63  18  98  16  19  32  92  73  26  94  76  40  86  85  3   11  49  97  53  60  97  13  45  59  54  45  90  80  22  11  48  20  37  86  80  44  37  0  
61  1   36  9   80  18  63  31  64  78  11  100 84  78  64  23  28  96  69  31  70  5   14  23  45  95  96  96  97  72  6   67  15  18  97  81  30  93  24  6   20  100 70  34  56  17  79  97  4   92  9   52  20  15  7   40  26  56  37  29  27  23  68  90  97  70  90  47  4   24  40  13  14  94  32  24  33  55  5   61  53  11  31  27  17  20  29  24  30  84  56  82  56  23  29  65  14  25  76  91 
33  29  86  46  79  3   70  9   67  92  45  51  32  10  25  65  82  61  77  42  81  16  82  86  55  22  73  49  36  27  9   23  24  77  41  51  94  98  69  33  68  63  10  50  32  73  24  55  3   6   55  40  71  94  4   25  28  5   1   67  76  45  62  87  89  17  99  90  63  44  81  20  14  20  45  85  31  55  44  91  28  21  94  40  87  44  63  9   62  48  66  32  8   85  67  41  25  9   64  81 
86  18  37  38  96  34  83  21  85  42  96  55  52  7   52  6   64  60  7   51  75  45  24  40  44  50  98  34  65  40  26  53  60  78  31  85  80  11  92  93  64  22  18  65  59  97  38  57  86  72  18  1   36  42  55  71  96  65  3   90  80  75  39  86  23  34  96  0   61  95  74  88  49  5   0   93  89  71  33  90  12  30  63  27  24  92  100 23  19  49  33  11  4   76  81  35  67  53  20  49 
46  12  27  64  78  45  5   20  84  89  48  35  32  47  4   24  92  7   34  46  13  29  93  37  94  1   53  91  94  78  71  20  84  23  47  12  98  86  84  29  86  86  71  38  44  43  68  6   33  96  0   37  99  99  1   99  1   46  75  78  11  63  3   8   70  100 82  75  31  31  96  9   55  31  71  28  79  50  3   89  78  68  78  59  62  34  61  99  70  11  66  5   37  48  53  40  25  80  55  72 
84  28  19  58  58  76  86  28  68  95  21  43  6   3   40  3   76  62  86  83  46  61  77  48  66  33  90  6   28  13  99  68  2   77  27  28  25  15  81  61  10  34  8   59  83  49  15  42  6   28  54  96  53  55  7   49  32  47  29  66  19  73  1   34  32  43  24  23  66  18  94  73  61  67  23  89  13  36  0   67  64  32  9   64  79  62  26  10  94  61  81  91  96  29  49  33  64  23  45  16 
99  23  45  33  44  75  100 90  47  29  91  98  71  37  78  51  96  9   13  86  68  20  42  53  46  36  59  12  63  49  58  6   94  88  51  41  96  89  3   16  49  49  83  4   21  59  92  88  64  75  81  2   1   75  77  10  50  27  50  71  92  98  71  48  52  32  42  22  38  64  38  22  70  33  20  4   54  26  84  6   36  34  73  65  95  40  61  90  34  68  69  42  60  44  16  9   81  14  98  83 
6   79  81  5   62  85  66  32  54  11  28  3   100 11  76  64  46  19  21  57  28  62  59  64  13  55  40  4   6   22  79  26  71  46  30  13  21  43  21  67  19  81  100 66  19  50  98  1   42  20  65  14  53  21  98  86  22  73  77  32  18  84  5   80  54  42  12  20  67  93  86  48  56  42  79  14  6   17  9   32  21  17  18  45  56  82  50  49  3   80  25  82  27  20  65  21  6   33  31  99 
7   2   44  84  67  34  50  66  69  73  20  76  67  64  15  27  91  70  42  84  93  29  54  70  99  42  27  96  43  22  45  30  91  14  64  86  5   73  99  13  7   62  83  57  63  56  91  25  100 21  35  17  24  59  21  97  45  31  66  53  83  13  99  59  23  55  21  50  68  30  31  2   67  46  45  18  71  61  30  53  100 71  49  61  37  67  16  80  93  75  29  40  18  62  72  51  75  84  35  72 
54  34  87  11  89  16  72  96  20  3   50  11  99  9   81  48  63  86  44  13  100 92  75  40  97  17  93  50  86  32  20  51  47  83  87  71  89  33  90  43  65  3   76  18  93  46  73  66  41  80  41  48  4   46  9   43  43  20  68  33  40  18  84  95  69  34  70  66  74  96  60  30  16  9   30  85  10  92  3   37  71  15  20  51  58  44  37  86  25  4   80  70  19  77  22  42  47  38  52  67 
33  73  21  99  33  14  92  79  10  3   75  100 35  38  40  11  23  87  88  53  51  46  90  92  87  55  96  62  2   50  89  68  26  40  79  95  36  41  79  17  11  25  98  86  6   27  12  54  63  4   38  72  73  31  10  26  91  25  32  79  21  88  13  35  9   2   93  68  0   70  25  75  58  97  16  96  13  27  64  45  91  68  49  42  22  27  17  27  56  36  14  34  39  100 62  38  36  30  28  89 
34  20  20  88  68  95  92  45  70  70  58  25  2   16  99  39  21  81  60  46  91  18  62  4   62  2   24  9   33  42  31  71  53  62  34  65  52  36  4   90  57  61  28  57  23  70  42  21  79  66  84  11  21  43  31  62  48  83  68  97  18  0   97  63  71  40  41  42  49  31  51  37  5   93  79  55  62  91  100 69  97  93  69  91  43  99  11  62  57  100 15  90  87  100 38  46  0   55  56  34 
33  50  28  87  88  81  39  26  29  38  88  85  12  2   49  5   55  23  67  57  16  63  27  19  31  4   64  90  68  98  64  48  71  0   5   41  85  82  9   33  32  81  1   86  84  2   75  66  77  66  6   98  58  88  59  49  26  18  91  20  85  24  21  40  39  48  67  56  18  4   99  39  77  20  31  83  9   65  6   2   6   9   18  71  26  49  61  20  69  14  100 37  16  67  65  84  48  86  49  53 
20  35  85  33  67  12  36  16  57  33  44  2   34  95  40  33  32  38  78  21  84  38  18  7   89  70  8   53  15  91  65  99  52  16  23  65  26  7   37  20  84  79  94  66  33  59  23  26  90  2   57  56  82  43  11  2   42  32  82  24  40  44  59  42  30  67  53  21  39  16  87  63  22  29  29  69  46  49  61  45  46  100 65  48  65  22  61  38  85  7   67  24  13  60  42  72  69  76  8   77 
90  66  18  70  76  24  21  74  18  75  26  79  70  25  38  81  21  89  16  72  51  89  72  33  100 97  83  50  19  81  60  8   72  15  81  49  27  27  36  31  19  46  59  45  0   97  9   67  25  50  82  26  16  70  16  81  16  59  43  56  6   87  24  22  77  14  4   62  73  75  27  5   87  61  74  96  82  57  74  74  57  21  68  72  87  73  92  33  73  34  64  73  65  53  43  91  37  39  91  72 
42  54  32  30  30  55  25  51  78  73  3   12  87  16  36  37  40  31  34  27  89  0   93  63  71  55  20  99  50  40  32  8   61  18  87  2   0   61  88  20  6   58  72  58  50  83  30  16  29  15  60  55  64  21  34  13  14  19  84  100 1   57  8   60  16  72  20  58  36  71  58  54  73  26  86  31  8   46  59  96  31  98  84  76  91  90  60  32  8   28  15  34  87  73  34  79  34  99  66  53 
24  65  9   58  29  72  69  91  12  17  23  69  32  69  68  73  89  37  57  11  51  52  22  20  31  56  69  51  30  53  63  72  34  6   5   49  62  27  10  38  72  63  83  6   17  100 86  62  95  43  15  40  62  47  59  91  52  42  81  11  79  33  80  24  15  49  34  59  53  11  21  75  81  40  37  62  24  96  49  57  16  91  61  26  34  73  71  15  47  87  82  7   5   3   84  9   72  64  61  0  
54  21  12  57  81  78  17  69  78  0   60  97  62  87  42  49  74  83  41  2   85  93  31  7   16  29  59  95  67  34  17  18  9   53  13  25  26  25  46  39  4   53  24  89  12  79  48  18  65  25  19  67  17  40  63  22  29  80  97  34  13  74  33  49  18  27  100 89  10  23  40  93  62  77  11  58  16  1   90  39  62  81  50  34  46  46  39  49  88  89  65  24  46  90  85  54  82  54  56  56 
20  27  94  65  54  54  78  41  69  20  15  69  84  6   97  21  97  28  55  3   11  51  26  26  93  35  71  28  26  7   40  94  9   33  23  88  52  80  40  22  55  55  100 30  0   90  69  93  21  7   17  27  46  33  32  69  10  98  33  29  53  72  26  14  85  40  88  42  52  95  74  85  0   46  25  67  71  35  93  53  2   19  16  97  76  30  34  16  97  25  70  87  41  46  45  58  1   10  5   5  
93  10  78  22  57  71  14  78  12  33  55  18  94  30  99  12  47  74  12  70  77  56  20  27  100 100 58  33  13  93  54  76  76  31  81  35  57  30  92  35  2   74  52  52  65  22  93  27  39  85  50  62  86  68  37  68  80  66  38  67  86  51  98  63  79  45  53  6   86  71  27  94  51  13  12  8   2   45  41  97  60  38  44  46  74  69  3   36  6   28  62  53  67  82  19  70  33  13  1   13 
61  35  25  58  2   23  24  78  54  78  61  0   86  22  25  5   59  40  7   40  52  66  72  47  73  81  53  33  5   53  96  94  38  20  92  46  32  86  60  79  80  69  64  81  73  7   35  91  81  10  21  61  33  33  25  97  37  82  29  14  60  25  41  91  79  62  31  90  84  1   96  52  47  73  27  47  33  56  29  35  4   34  26  21  11  100 34  62  20  65  21  57  71  93  13  72  21  89  88  37 
71  36  10  89  85  82  33  33  14  91  61  7   12  49  77  59  17  4   17  64  29  84  14  70  44  20  98  56  40  10  76  2   16  45  87  75  47  37  22  12  61  97  9   15  22  80  100 26  66  67  78  66  6   5   7   38  50  65  52  6   96  49  38  28  61  51  76  5   73  44  3   79  19  75  51  0   34  47  70  23  67  47  3   0   31  14  24  12  36  81  7   42  26  11  59  26  73  6   62  23 
