100 100
31  48  46  78  12  94  82  10  14  53  19  0   16  71  93  5   43  60  50  58  68  6   15  12  67  32  61  53  15  60  1   61  37  20  29  79  39  51  84  71  95  6   51  95  33  59  8   3   83  34  12  54  31  60  2   37  66  42  45  30  24  98  90  5   76  94  88  97  69  47  13  65  70  76  100 56  6   64  41  70  76  15  52  64  79  34  36  48  87  37  18  44  17  72  83  45  23  64  40  85 
10  93  48  70  40  58  39  49  9   91  93  30  91  51  57  71  73  49  45  47  58  15  31  79  82  63  17  85  98  96  38  26  90  32  20  49  64  13  32  33  34  12  39  80  43  11  88  47  90  41  93  13  91  23  50  72  72  100 62  97  68  77  50  14  51  95  11  89  71  71  84  52  4   4   60  87  38  56  74  66  100 57  38  52  51  93  11  89  51  37  95  35  23  50  64  39  6   40  51  97 
38  0   13  34  39  10  12  48  49  94  15  55  13  25  60  69  31  40  10  96  93  26  33  74  50  28  42  74  24  94  86  71  34  86  28  15  69  41  97  41  54  68  48  70  8   55  99  74  1   61  45  54  1   28  47  55  90  23  26  76  55  48  69  59  10  88  58  0   25  81  19  0   87  36  100 15  14  9   60  10  47  0   90  96  62  47  88  73  43  67  64  77  30  88  31  60  23  99  62  8  
74  77  37  75  14  71  43  62  12  44  88  52  37  1   4   56  14  0   59  2   20  26  13  39  38  35  20  93  79  44  51  38  10  71  27  70  16  63  95  12  98  89  20  16  74  23  2   23  86  49  45  10  51  55  67  87  74  51  85  65  39  16  29  10  64  78  88  58  83  39  42  27  68  20  39  34  55  33  9   1   8   8   77  74  99  70  19  12  84  33  50  62  78  46  46  18  76  4   53  22 
40  88  80  47  15  95  77  63  53  90  83  53  31  3   44  93  9   64  100 44  63  25  53  27  5   91  69  58  57  49  5   68  27  33  37  93  18  51  78  4   75  93  32  55  82  43  91  37  13  25  92  48  31  51  78  74  29  64  11  36  8   97  25  14  11  68  92  65  10  66  32  7   2   15  28  94  61  36  22  68  40  14  43  60  16  96  49  31  83  10  56  24  12  36  71  78  17  31  66  12 
91  11  38  65  27  45  8   23  97  37  72  11  60  47  87  46  35  14  52  14  50  69  94  99  3   45  21  42  88  97  69  10  6   22  85  86  0   21  85  18  44  68  48  58  65  16  14  20  18  81  61  6   33  73  49  93  26  7   32  59  61  21  76  47  4   15  93  6   53  35  44  74  49  50  32  51  54  50  25  99  22  10  26  74  82  30  11  44  23  29  11  27  78  83  79  68  26  88  95  74 
96  34  28  75  93  38  11  80  64  32  51  29  6   21  87  21  28  99  24  42  13  63  36  50  69  6   85  68  20  95  46  30  43  27  45  40  44  66  64  85  57  67  63  7   42  81  52  92  91  60  93  2   10  30  52  33  73  66  55  68  5   93  11  25  62  100 59  72  30  29  86  30  85  66  45  8   11  73  22  91  65  90  74  15  49  79  74  95  98  72  34  56  36  79  88  77  100 3   67  66 
82  59  33  86  26  5   40  100 94  38  40  97  99  68  54  18  35  6   79  29  6   40  67  48  38  93  76  83  26  84  51  58  53  34  95  100 28  56  33  64  74  89  100 33  23  21  76  67  17  54  71  22  55  64  94  47  44  73  23  22  35  46  5   2   66  31  10  100 17  0   89  10  32  59  63  10  2   41  77  73  42  46  92  12  45  59  56  17  61  10  18  87  73  50  89  53  11  9   83  4  
81  100 97  11  70  85  57  29  49  68  98  9   59  90  78  24  18  44  2   14  10  5   31  32  67  60  78  73  60  91  44  94  74  5   76  47  22  88  93  100 80  69  21  40  60  42  86  51  33  45  58  39  65  44  31  85  4   22  10  19  13  99  67  19  47  20  2   5   62  21  26  27  13  20  28  67  68  68  67  97  37  44  26  9   18  97  57  22  71  99  48  58  80  81  43  51  36  29  66  100
37  83  43  70  50  11  60  27  7   47  34  10  35  56  8   14  37  81  35  26  3   91  77  17  54  30  3   75  80  73  75  2   78  46  95  65  12  43  53  67  4   25  0   84  53  13  18  91  13  48  24  20  97  22  94  0   59  43  87  92  13  80  83  62  91  28  6   68  87  28  5   63  33  3   30  94  91  55  39  42  51  70  81  54  82  53  46  17  35  92  62  12  12  15  96  23  16  40  74  24 
35  41  71  51  18  37  29  17  3   63  73  65  96  83  42  70  39  63  4   15  45  21  22  66  47  51  42  75  75  94  53  76  79  23  82  94  76  66  73  97  78  5   58  2   15  35  54  19  56  15  45  68  76  76  48  46  82  29  92  82  17  58  30  32  83  63  24  19  79  38  98  90  26  27  49  14  7   87  74  37  33  86  77  94  98  21  22  90  29  14  34  45  29  27  56  29  76  47  18  62 
92  77  93  84  62  47  12  27  62  98  47  33  12  99  47  36  68  25  20  24  32  60  88  8   64  63  35  98  3   11  6   76  33  82  11  85  0   57  12  22  38  42  5   9   68  50  62  98  31  10  76  23  46  28  92  42  23  82  6   72  68  92  25  50  75  3   5   15  82  79  46  100 84  4   15  61  91  51  36  39  68  17  88  87  87  4   42  74  75  23  25  99  13  41  76  74  70  78  63  5  
39  93  13  68  32  16  40  68  42  66  28  89  65  54  54  27  60  16  28  37  97  50  5   22  15  18  48  91  66  99  43  10  74  40  85  73  12  59  91  70  11  24  85  22  11  65  84  11  24  68  81  19  24  82  21  94  13  76  78  33  33  23  74  85  52  8   21  64  8   82  33  32  46  19  81  24  4   49  70  39  84  37  44  90  58  28  81  40  23  20  2   22  95  95  29  88  98  73  97  63 
79  94  63  8   13  67  98  61  11  82  42  48  16  19  13  77  50  70  31  100 26  93  56  36  16  24  98  99  22  58  63  78  23  66  56  91  21  30  31  98  23  67  26  80  54  83  37  69  62  1   1   52  22  87  72  19  12  3   82  95  67  81  98  56  43  92  55  76  52  58  39  35  81  60  30  6   38  86  23  36  39  74  61  61  0   76  16  89  86  32  75  91  59  5   46  46  46  98  3   45 
69  66  53  88  48  59  48  48  8   17  22  10  49  42  17  42  14  17  25  58  84  46  57  19  26  91  62  9   60  26  34  45  73  54  3   82  63  26  88  10  41  28  10  34  51  88  65  47  18  11  71  70  38  9   48  24  41  78  28  5   25  72  28  15  48  66  33  81  48  46  76  12  73  97  79  31  35  4   54  35  85  75  76  93  33  71  3   99  20  84  2   54  19  51  67  3   86  78  39  49 
61  20  98  42  47  70  29  49  39  30  85  30  74  51  44  96  98  28  16  95  43  17  68  34  42  86  9   86  45  79  46  30  74  98  91  54  75  58  95  85  2   32  50  75  89  58  58  46  1   49  27  35  80  32  43  3   49  40  15  31  93  72  46  16  55  86  65  15  36  100 97  19  70  92  86  54  14  8   99  67  31  44  95  50  91  82  82  21  74  78  39  12  43  42  31  83  92  85  92  42 
4   92  89  42  55  61  44  39  93  88  81  7   42  20  14  8   97  2   98  97  0   7   14  89  72  48  49  26  53  34  39  67  26  85  51  61  71  1   80  28  88  96  9   19  58  75  43  71  5   8   58  29  31  98  12  73  30  100 38  90  36  96  31  25  34  78  19  43  44  0   36  13  93  15  36  86  63  20  39  64  0   45  69  46  43  54  65  90  42  99  47  32  94  21  33  13  92  54  45  25 
31  89  87  42  9   38  7   4   88  26  93  36  40  15  55  71  69  24  8   27  31  18  98  51  48  54  2   96  94  55  33  79  43  43  90  72  67  93  69  74  76  53  35  19  1   49  77  71  10  75  33  12  34  17  36  73  40  58  27  97  86  38  94  94  91  57  44  10  57  81  27  97  17  27  16  94  59  79  96  47  62  6   14  79  19  96  31  20  10  85  50  6   100 8   71  16  66  28  75  27 
73  90  54  80  50  96  4   10  40  37  41  6   10  21  44  32  15  51  67  4   89  41  89  43  51  34  42  49  62  69  7   28  40  6   47  35  94  90  86  83  15  7   88  66  46  68  58  37  0   36  19  4   58  18  79  70  20  18  71  22  65  25  73  61  53  74  15  20  41  82  45  81  10  100 52  45  5   47  28  15  90  19  100 49  20  23  68  44  19  2   64  95  57  54  36  56  14  6   63  17 
68  68  52  79  95  76  58  12  75  22  84  47  79  31  13  27  55  81  19  38  79  41  33  25  72  15  77  59  25  98  22  47  46  62  60  75  96  84  79  74  26  19  44  72  66  11  19  42  27  14  94  63  46  75  29  32  73  0   94  79  51  1   61  87  68  79  73  27  9   23  72  86  42  50  24  23  44  7   7   96  59  43  43  97  28  80  25  32  79  76  94  75  12  62  26  20  47  89  91  5  
41  23  87  83  11  2   55  38  46  69  52  18  86  32  8   37  35  14  55  97  57  6   79  89  32  66  71  8   49  96  75  89  89  11  74  79  37  93  18  13  56  44  30  58  78  13  94  74  25  49  86  63  66  19  13  14  28  80  4   57  42  17  42  14  87  16  13  36  33  12  86  25  62  14  42  77  72  49  72  80  15  82  80  25  69  51  38  1   98  52  7   72  78  32  54  25  96  72  82  63 
53  82  92  68  13  42  82  80  59  52  61  77  92  93  32  57  9   56  17  94  31  44  76  27  92  74  33  23  12  14  67  9   81  88  85  88  11  77  82  86  42  37  83  7   55  73  100 31  96  17  69  74  77  75  67  63  25  34  14  21  78  14  35  80  3   7   96  99  99  73  58  4   50  3   19  23  68  77  49  16  67  61  97  60  92  69  39  95  3   10  17  66  24  75  62  85  12  17  47  66 
92  10  31  85  91  69  40  74  87  65  13  74  43  73  26  71  54  71  79  48  34  65  97  87  0   32  39  52  72  30  75  94  59  81  1   50  29  50  0   38  67  82  12  41  55  86  40  91  19  37  96  68  16  32  46  67  53  21  35  97  67  70  99  17  28  27  2   95  26  86  81  25  70  37  38  29  6   54  69  94  17  52  88  68  20  72  73  94  80  17  20  38  41  48  15  20  45  16  43  24 
25  64  42  3   12  34  59  4   88  62  95  83  85  93  13  65  17  35  15  1   50  69  99  89  75  55  67  59  28  24  62  52  7   64  98  56  97  96  99  77  70  15  34  61  92  66  59  48  77  36  99  33  70  72  68  95  62  35  55  57  40  94  46  2   95  75  79  5   64  40  24  58  14  52  79  4   48  20  39  52  11  57  5   57  54  41  62  70  78  98  2   15  87  27  65  19  36  50  24  30 
33  20  88  9   69  82  21  38  99  6   99  88  93  26  10  41  89  97  56  50  41  84  52  84  74  67  16  29  90  58  35  88  68  98  12  39  35  43  69  22  2   59  64  9   39  4   98  65  98  88  12  2   38  54  79  74  67  92  70  11  47  42  75  66  96  35  61  61  3   41  72  62  68  12  31  77  38  89  83  81  11  72  4   79  66  71  32  27  23  84  48  27  21  77  46  19  92  49  44  100
26  10  95  69  60  20  80  52  54  64  49  66  42  16  9   41  69  87  84  88  81  67  100 47  53  66  23  53  77  53  20  16  81  40  48  94  34  90  75  30  98  74  29  28  61  95  94  16  25  21  16  74  60  99  75  55  71  71  16  31  68  23  10  16  11  69  64  56  45  67  11  20  29  47  67  63  90  33  8   37  98  33  51  34  45  95  16  55  29  61  22  28  40  63  69  58  43  84  2   77 
28  43  18  98  47  37  89  17  4   100 10  1   18  1   82  9   73  97  10  14  46  52  67  41  44  29  64  63  70  59  83  65  45  39  75  47  53  0   21  16  6   79  16  24  99  91  13  95  22  3   99  92  69  77  69  50  40  33  7   25  16  68  27  56  43  51  65  47  100 40  61  47  60  45  85  41  83  25  97  3   2   38  0   72  32  54  35  56  81  11  3   34  2   68  40  33  82  42  35  57 
61  43  70  8   68  21  32  40  39  59  7   1   22  50  81  90  24  18  1   55  7   59  22  4   59  87  42  35  43  52  89  39  29  17  58  41  91  97  91  4   34  85  39  80  14  54  29  76  42  54  38  42  85  75  87  37  77  82  86  79  77  16  78  84  23  56  15  41  8   76  55  10  3   57  84  82  26  100 68  86  57  11  44  54  80  55  10  54  44  40  100 31  61  43  6   76  98  7   58  32 
59  41  79  54  79  41  72  84  25  72  2   58  86  69  59  76  35  54  58  63  26  9   20  42  76  36  41  6   10  16  66  3   69  18  24  66  45  98  7   48  50  2   58  44  55  18  52  87  13  66  48  82  34  55  35  11  45  71  21  14  20  8   70  44  16  66  38  42  69  17  42  46  35  96  3   58  44  91  43  15  3   10  85  31  42  28  83  42  48  84  51  80  42  83  73  32  13  95  53  89 
10  95  4   78  41  0   36  61  88  89  39  32  47  5   27  84  37  42  51  95  64  36  61  73  77  85  8   4   37  68  45  58  28  22  86  83  16  94  66  98  72  70  1   96  82  97  50  10  66  75  10  90  89  26  84  11  56  96  70  61  54  34  49  44  96  16  15  75  91  18  19  84  31  82  68  41  94  24  72  89  87  74  68  58  22  89  31  10  79  17  48  60  41  13  90  1   56  23  53  82 
31  43  17  17  24  42  28  22  41  45  37  50  20  28  38  97  84  13  41  51  80  81  75  63  29  24  16  74  83  80  65  96  62  47  11  10  89  79  13  14  66  46  12  4   90  95  7   63  0   79  36  94  75  26  61  87  99  46  70  7   57  53  19  28  97  23  51  34  60  98  43  19  82  0   88  0   29  93  58  51  44  88  34  15  69  0   93  81  77  42  72  33  13  87  80  12  91  47  33  68 
49  51  83  27  44  10  76  59  80  12  64  22  100 3   50  29  84  47  16  35  94  57  60  62  90  67  85  41  44  69  2   66  14  65  9   69  31  84  22  10  21  16  40  84  85  95  71  75  1   49  83  89  26  79  99  59  81  9   66  92  56  85  60  35  70  78  3   11  60  13  23  74  77  46  43  53  79  40  8   24  35  8   5   21  31  52  10  83  44  51  70  3   26  68  61  17  1   85  34  56 
26  7   53  19  3   48  21  38  27  34  96  57  71  43  65  97  77  21  64  80  16  59  100 12  44  49  15  66  53  46  68  5   41  50  29  0   3   94  56  75  2   55  39  68  36  72  16  14  9   22  2   93  23  63  79  96  28  83  67  54  61  96  15  41  80  20  65  28  67  69  1   54  28  93  22  73  89  27  93  94  53  72  80  12  4   21  24  3   91  62  2   46  100 72  12  76  75  55  47  100
29  7   61  59  63  91  14  35  53  84  21  37  22  12  55  6   100 100 48  19  88  93  13  77  91  24  18  33  44  74  26  6   31  63  23  35  17  91  31  57  82  46  78  88  92  74  31  8   21  96  12  4   12  50  11  79  9   95  0   73  74  97  91  26  8   16  33  43  51  62  48  76  25  76  51  0   47  100 46  23  74  25  0   80  54  82  92  5   30  12  34  63  63  45  6   69  73  58  86  43 
65  41  43  25  68  70  29  60  22  63  22  49  61  13  29  93  69  36  70  82  17  13  39  69  11  73  46  66  81  74  51  50  3   28  94  57  18  73  7   6   86  100 100 7   24  53  24  84  61  98  41  26  57  43  62  47  21  90  38  1   19  5   65  32  89  52  31  97  50  0   78  35  13  42  28  99  70  36  11  94  49  91  61  90  36  45  21  33  4   64  11  1   96  90  50  2   86  83  16  71 
19  84  57  44  51  100 98  46  54  94  86  42  26  11  3   6   66  23  20  96  0   51  2   99  6   71  57  25  70  60  18  100 44  3   37  86  46  90  43  75  20  69  33  26  9   72  53  96  71  85  7   50  29  82  75  58  31  3   68  24  32  25  43  85  7   16  91  10  59  14  27  39  81  27  46  26  38  38  61  10  48  4   14  89  74  48  26  1   48  86  79  4   79  81  17  46  24  60  34  71 
15  86  94  80  40  94  60  38  64  28  70  15  60  18  93  98  65  99  96  98  75  80  85  20  37  90  42  14  6   49  93  76  54  98  23  88  92  21  9   3   69  83  5   10  19  19  65  45  91  40  81  80  6   1   51  97  9   47  50  23  63  10  42  12  20  85  3   50  95  2   57  44  0   27  21  0   98  62  43  33  17  73  98  19  24  76  30  53  76  53  70  42  28  8   27  72  25  90  4   21 
20  92  4   16  2   94  46  70  85  22  69  65  12  28  10  67  67  53  29  78  100 12  65  84  45  77  49  15  77  65  78  73  47  29  54  63  66  91  99  74  72  4   46  17  24  21  48  19  67  17  77  28  26  51  37  68  99  29  14  80  18  82  89  11  31  30  21  10  29  21  33  71  18  17  49  99  67  22  25  52  28  30  23  47  12  96  25  91  52  55  16  50  73  69  23  45  25  67  97  96 
100 41  9   17  20  70  41  52  9   72  67  30  39  19  100 47  64  42  14  70  94  86  27  75  88  99  24  12  100 78  41  85  56  17  31  39  74  48  73  32  1   65  65  12  18  10  49  44  16  97  65  79  20  86  60  63  87  0   3   67  27  4   90  13  34  24  13  61  40  43  73  46  82  39  97  48  86  56  62  5   60  60  91  49  100 57  22  36  97  69  85  25  42  42  27  84  15  85  45  62 
3   22  89  50  72  53  32  80  39  85  42  43  6   44  47  60  34  25  21  16  70  48  23  31  46  21  17  15  87  92  50  43  67  11  21  99  3   17  29  34  34  19  51  40  12  63  100 80  7   61  25  28  88  95  46  32  94  66  32  78  77  49  52  76  39  44  100 58  15  10  69  79  18  68  74  81  45  82  77  97  12  90  52  16  60  67  76  1   51  65  3   70  18  79  0   2   24  41  81  25 
67  18  21  35  73  58  38  77  42  74  93  85  87  3   18  9   92  8   31  79  49  39  73  32  93  92  6   72  64  56  9   90  64  88  27  90  57  25  38  100 34  87  38  28  99  29  38  92  13  5   35  7   81  88  80  75  23  5   38  61  5   9   23  32  52  55  43  43  0   54  40  57  61  32  93  36  58  83  45  41  98  81  35  53  96  49  64  49  89  30  94  40  97  6   93  63  94  24  7   98 
40  98  32  11  68  78  69  94  67  28  52  19  58  60  35  69  22  7   15  76  100 77  12  91  90  32  11  19  99  61  18  41  51  50  78  38  70  3   40  50  63  12  96  20  66  7   44  16  80  62  91  34  0   71  99  43  2   77  43  34  52  94  81  20  4   74  89  98  61  80  38  6   64  99  75  49  24  39  57  95  0   56  31  43  30  76  92  15  99  68  39  53  43  33  12  54  53  89  16  70 
1   34  28  54  61  54  82  37  20  29  13  26  36  13  25  22  53  20  48  13  35  14  93  86  48  43  78  76  55  74  0   46  93  43  59  19  61  35  55  72  94  91  2   78  4   1   100 5   41  88  85  96  32  5   90  35  78  32  21  35  27  18  46  79  74  17  68  82  67  78  55  23  90  49  64  11  78  24  94  81  54  25  70  26  56  81  4   13  61  40  67  50  41  35  60  62  13  58  54  13 
41  87  23  14  78  52  73  100 35  77  43  63  58  8   73  50  96  6   20  41  78  65  1   12  63  68  3   15  35  51  37  81  87  12  49  66  48  77  62  60  0   81  37  42  67  35  60  43  24  67  14  50  28  31  70  80  65  0   75  24  56  55  97  18  16  82  79  35  44  13  58  39  60  36  12  84  4   100 29  38  94  68  83  57  36  36  56  20  9   56  28  24  56  53  79  54  7   89  37  83 
45  66  95  16  95  42  96  54  9   76  79  41  66  31  51  89  89  44  99  31  58  45  74  65  2   46  52  63  2   78  48  70  81  86  81  62  92  57  91  23  40  95  23  23  26  55  14  65  49  70  74  95  38  2   96  99  75  32  22  72  43  66  30  74  78  6   1   38  32  8   10  83  29  80  59  19  46  51  26  15  14  90  60  33  27  36  65  100 61  16  78  94  49  97  46  36  36  11  89  96 
16  47  99  35  96  27  86  92  80  81  73  7   36  93  32  22  69  19  38  81  76  1   17  3   57  88  44  13  36  0   53  54  16  24  9   35  74  37  46  55  34  99  56  74  26  55  18  36  43  25  18  18  21  98  42  90  95  94  0   30  10  19  93  3   18  85  2   73  77  41  52  58  58  53  97  45  61  39  6   35  7   28  23  88  79  17  79  64  40  26  24  47  60  78  46  36  20  0   71  84 
85  90  58  14  6   22  32  14  76  18  34  21  26  47  73  83  10  33  50  9   95  63  78  3   88  13  47  45  65  38  28  64  21  27  92  20  66  18  18  86  26  18  27  46  43  22  74  95  23  49  46  20  81  58  29  65  14  73  11  62  50  89  35  89  58  13  84  76  67  36  29  83  34  35  82  44  61  90  77  87  97  61  61  35  10  3   95  29  11  71  88  3   99  20  19  55  69  82  76  47 
56  51  78  91  18  67  24  74  94  91  83  9   67  93  9   28  22  23  11  13  99  19  72  71  28  28  44  19  0   53  68  35  23  43  69  85  47  60  22  89  21  32  26  40  32  82  58  11  98  77  62  58  32  6   83  1   9   79  67  90  15  32  35  71  87  100 27  54  69  13  40  94  31  88  97  24  9   84  13  6   10  53  46  97  15  91  23  88  80  15  80  83  2   97  90  63  78  34  99  88 
67  36  68  73  69  43  52  18  5   56  1   97  36  42  0   62  44  17  27  51  13  89  16  44  71  87  41  31  90  18  60  41  25  26  20  63  37  7   47  85  29  47  19  28  97  64  97  96  39  54  53  56  82  31  42  47  70  44  4   83  21  32  2   64  20  33  29  44  91  20  56  51  1   8   0   61  55  76  7   74  82  1   57  34  36  12  5   5   49  53  80  49  99  24  30  96  63  6   60  83 
75  19  79  79  33  98  12  6   29  57  72  48  33  7   12  6   62  7   10  38  38  24  14  77  99  70  20  60  51  21  38  46  74  68  22  63  32  72  55  67  51  80  62  38  24  87  93  78  87  69  34  3   94  47  80  27  5   56  88  87  34  78  11  2   3   24  77  59  1   54  62  32  52  13  100 19  58  10  36  65  47  70  62  58  22  57  32  63  0   38  85  22  96  77  18  63  18  70  5   81 
73  49  51  31  18  15  37  58  16  64  40  82  18  49  10  85  65  1   10  12  26  49  19  74  86  70  81  84  36  58  17  5   7   28  93  47  53  82  24  63  8   51  86  19  82  55  71  88  88  21  99  73  0   51  38  22  58  40  6   43  56  37  89  61  26  59  99  27  59  99  27  55  40  47  77  20  48  10  88  50  13  84  87  80  37  28  41  46  91  41  89  22  70  24  46  57  68  64  62  22 
87  84  84  27  50  32  78  100 52  71  10  16  34  86  47  30  42  93  4   10  5   18  48  76  28  61  80  5   66  48  56  39  4   46  93  30  62  69  87  24  72  37  12  30  23  49  17  96  37  30  59  73  55  55  46  65  28  71  7   16  59  41  34  80  38  37  70  73  52  36  37  42  90  45  53  27  8   74  59  20  19  57  73  63  30  93  38  6   1   97  11  31  93  54  98  94  61  43  3   3  
68  25  66  71  45  48  32  54  47  89  36  87  62  10  10  68  87  91  95  55  15  65  90  23  34  15  97  15  69  11  94  38  19  31  40  79  29  5   33  41  78  78  54  52  89  40  32  28  79  92  32  88  37  72  85  94  13  97  1   8   94  62  86  63  12  100 3   25  84  7   88  64  42  65  61  25  21  83  58  11  6   90  20  23  68  67  76  31  52  64  22  76  73  75  12  30  51  85  50  40 
15  35  99  68  80  75  74  6   84  36  81  96  78  100 17  84  100 25  28  57  67  57  22  75  19  7   10  41  40  76  89  12  30  58  24  49  13  63  14  21  68  60  18  100 1   51  69  22  8   5   35  12  58  25  65  100 85  82  100 44  27  1   55  95  75  92  57  19  22  61  89  52  52  96  44  33  36  22  42  6   11  94  16  56  100 71  70  25  51  14  64  74  70  50  46  61  61  77  74  52 
38  7   61  86  2   32  19  77  51  51  60  80  53  30  49  68  9   16  80  0   6   35  38  39  93  2   92  88  38  92  96  83  76  24  47  56  100 61  84  97  95  6   52  32  27  35  20  99  87  14  68  46  73  55  96  67  66  88  85  29  77  24  93  96  95  97  51  49  96  99  8   61  78  82  8   62  45  90  22  80  19  99  14  20  9   30  32  31  79  84  50  28  17  60  64  16  13  50  44  63 
96  26  13  98  78  71  82  45  67  94  59  66  7   5   27  13  87  90  18  33  90  42  72  93  27  6   38  2   92  13  64  94  2   69  19  10  24  99  71  1   7   11  44  52  82  10  16  5   67  42  69  89  42  96  36  65  40  60  66  12  79  20  12  70  76  1   4   69  4   58  88  90  97  44  34  7   71  85  6   87  83  12  38  52  37  8   40  4   21  96  33  66  27  8   71  80  26  49  51  45 
86  33  30  77  68  38  87  11  26  88  8   27  14  28  34  16  69  4   28  42  73  34  44  72  92  25  80  4   94  61  16  2   84  14  72  29  22  83  69  50  82  26  23  17  69  53  63  52  3   93  86  19  50  62  77  59  71  76  50  45  73  45  53  76  80  75  19  82  72  19  63  26  17  21  6   37  72  51  41  17  26  92  49  37  81  99  17  56  1   12  29  61  1   45  77  63  38  4   0   97 
92  75  25  63  5   60  84  56  42  69  35  45  11  57  90  64  74  0   23  20  81  73  5   18  52  54  81  51  78  34  40  18  33  55  95  29  76  100 4   33  80  88  38  36  96  33  12  56  61  18  81  86  25  85  11  64  38  4   5   12  98  51  99  53  96  92  21  4   35  45  100 27  2   4   70  10  38  3   80  92  32  75  3   73  88  39  50  52  83  91  23  54  4   90  35  36  76  46  55  22 
92  59  7   91  84  86  72  49  95  3   25  3   22  7   88  59  73  8   48  62  53  5   32  22  16  9   8   66  28  28  74  95  50  47  7   9   19  11  95  60  16  15  82  99  77  28  85  46  22  37  23  55  35  10  83  44  91  2   2   94  31  14  58  86  14  44  4   25  99  68  45  2   32  38  67  29  57  53  40  6   17  49  20  5   23  6   6   40  91  78  8   59  78  76  50  2   76  93  29  29 
49  95  2   67  72  40  38  37  31  54  72  36  38  31  79  39  53  67  18  43  30  32  13  31  0   9   3   19  3   55  64  13  8   61  40  29  0   46  77  35  100 98  90  45  28  40  77  45  63  89  22  15  48  48  5   18  6   20  47  92  50  58  9   91  100 80  62  28  21  98  17  37  2   37  11  27  70  85  97  94  59  22  99  88  4   52  70  92  29  93  10  68  92  12  87  83  34  93  90  4  
55  68  97  71  92  51  42  77  40  58  96  10  53  59  94  73  76  44  38  81  95  41  73  63  3   11  20  40  88  43  59  88  66  60  26  12  72  55  57  46  41  2   74  52  81  19  35  75  28  65  74  51  97  70  69  36  35  19  20  90  48  21  86  87  20  92  96  74  16  50  33  89  48  50  54  26  83  15  28  35  4   48  13  73  22  33  81  41  26  51  3   19  43  58  49  37  25  79  50  63 
62  14  96  78  90  46  40  90  73  86  72  24  40  97  99  11  78  3   38  42  37  66  100 54  91  93  55  85  6   91  63  70  10  70  100 50  63  3   81  49  60  41  33  49  27  14  41  26  87  19  18  46  67  8   40  26  89  97  49  57  67  64  91  76  89  64  50  26  22  53  61  65  4   2   74  84  20  25  21  70  20  27  72  56  88  55  43  55  47  88  46  25  98  89  44  1   22  59  20  88 
14  3   81  79  45  26  26  33  93  34  97  18  98  21  1   97  69  12  11  12  72  84  0   62  5   65  37  83  51  12  93  54  12  97  63  0   73  73  49  53  26  60  43  40  45  79  39  23  42  75  22  23  53  45  69  27  15  43  87  10  62  36  34  8   55  42  80  85  16  47  25  95  6   12  6   54  13  33  94  91  100 69  17  75  25  77  42  87  95  68  23  91  71  81  97  48  30  81  51  73 
2   4   37  94  9   4   19  93  21  5   56  62  24  40  24  7   20  13  8   47  18  61  27  94  46  97  31  49  77  15  50  35  65  65  38  89  82  5   90  22  85  2   21  9   78  21  74  78  48  53  27  79  9   56  4   29  69  100 51  51  15  67  77  9   69  91  5   63  15  13  27  63  100 14  70  69  93  50  17  26  90  6   21  16  23  36  83  77  58  70  52  71  58  26  43  24  40  27  16  57 
17  18  63  57  89  48  82  49  67  17  68  3   3   47  76  86  2   78  65  55  9   11  9   46  13  60  13  98  32  17  15  36  32  73  60  52  70  97  89  37  39  6   31  72  86  63  21  47  79  95  7   45  32  83  88  0   25  91  73  37  53  23  40  48  53  58  73  47  11  54  30  13  34  5   2   85  49  99  43  47  27  5   33  46  27  33  15  13  24  55  54  95  55  46  39  81  70  30  82  30 
6   65  16  20  37  100 97  83  58  67  91  43  4   84  58  59  35  3   70  39  82  11  30  49  75  27  62  83  54  23  89  95  23  25  75  38  86  96  19  81  54  93  28  83  46  18  56  18  20  70  68  95  7   74  27  89  58  74  27  28  0   69  53  66  7   40  72  7   89  99  37  33  51  7   58  16  88  6   75  37  72  85  2   78  87  24  34  96  0   18  16  67  54  100 58  74  30  9   28  45 
6   48  27  60  45  7   71  50  16  35  84  98  12  74  38  36  6   7   67  12  30  47  78  22  9   10  56  69  53  22  74  19  62  49  21  90  50  74  31  65  61  70  1   29  20  19  50  91  95  57  46  16  2   67  39  27  8   96  30  89  16  32  69  78  72  77  46  26  79  75  58  48  90  34  92  96  54  74  11  1   40  89  38  46  25  87  91  3   48  12  15  0   7   42  37  61  28  71  87  0  
13  53  63  56  82  25  37  53  25  33  81  33  43  63  86  45  26  50  44  27  78  59  99  14  27  94  47  12  60  100 57  29  8   68  11  81  90  72  36  29  9   21  75  82  12  8   51  93  51  56  51  45  0   63  69  99  32  41  59  23  82  87  72  88  20  37  63  97  5   90  41  22  30  83  9   39  60  69  96  6   9   3   56  64  43  16  16  46  59  84  26  89  87  25  37  87  25  18  68  1  
11  58  85  95  56  1   44  24  59  36  8   97  46  37  34  69  20  86  75  51  76  96  38  36  17  65  99  48  49  8   30  56  34  26  16  66  50  66  23  93  28  2   93  25  66  27  22  14  72  56  30  45  31  60  36  35  17  92  91  89  30  6   61  35  65  29  70  72  5   13  28  24  36  12  49  91  73  3   17  26  9   23  78  86  55  88  87  70  47  75  90  70  35  11  40  69  1   67  4   100
80  44  47  50  81  46  55  72  61  93  41  41  36  71  42  75  89  16  32  41  95  58  23  31  2   79  55  78  56  65  93  11  56  31  22  22  24  12  17  14  82  95  58  11  76  80  18  45  18  39  10  34  10  47  86  45  98  54  100 91  66  95  20  19  32  35  25  98  100 28  89  62  42  62  73  71  7   89  56  83  68  40  80  82  87  58  87  10  41  31  57  3   91  36  72  34  79  26  1   22 
97  98  91  12  44  94  56  1   9   72  100 63  8   13  8   34  33  28  99  94  92  27  73  99  58  86  65  3   49  53  80  80  86  7   12  98  45  47  33  55  35  25  9   94  98  48  76  4   31  17  70  66  94  21  41  82  22  61  26  78  73  79  41  76  100 84  72  6   11  69  23  39  11  15  34  73  28  70  60  85  40  11  82  28  84  49  21  17  89  79  40  9   42  33  47  87  44  31  11  89 
80  92  8   99  11  21  23  60  20  1   10  83  25  10  43  4   24  33  53  76  5   32  22  49  96  47  59  35  73  96  89  42  23  4   9   35  14  88  40  14  41  12  23  92  60  40  63  36  41  57  47  49  19  61  21  86  53  25  38  86  0   87  13  33  71  80  43  55  11  27  54  87  64  80  69  62  26  91  38  83  83  86  93  57  41  71  57  27  43  17  81  33  57  14  78  26  63  86  44  75 
64  46  90  55  39  10  93  77  90  13  5   90  80  81  34  5   68  94  23  5   66  74  14  67  30  40  3   19  3   69  10  20  63  43  74  62  21  82  3   0   83  64  33  65  95  98  36  41  65  31  85  80  89  93  13  51  42  37  60  40  16  98  80  43  70  71  72  65  17  3   41  98  84  55  23  31  49  87  4   70  67  2   56  12  99  95  4   67  77  65  17  36  50  23  6   99  17  92  94  87 
34  5   18  34  59  7   54  68  87  91  67  98  42  91  64  87  7   36  80  76  70  9   78  69  47  33  52  5   11  16  1   38  71  33  8   51  10  24  68  4   51  93  77  22  18  85  35  72  2   26  74  84  75  16  10  8   34  20  73  97  76  91  59  47  92  65  94  82  38  72  7   59  75  55  50  79  9   16  45  37  43  40  64  33  43  11  29  67  40  91  91  28  1   72  66  81  9   28  67  46 
58  28  69  19  1   63  73  83  99  16  42  98  31  92  21  46  93  43  71  83  63  16  38  15  66  31  69  85  0   22  0   25  13  48  8   60  29  99  98  90  54  20  72  78  83  44  0   82  63  72  46  1   15  12  44  97  67  86  86  30  58  79  13  20  100 61  89  65  72  43  67  16  99  61  12  34  4   34  81  0   64  30  51  25  18  98  13  39  27  81  36  62  61  10  60  84  94  17  45  58 
94  90  21  94  45  72  15  36  96  80  40  70  61  19  100 55  49  98  33  45  48  15  86  38  28  67  99  19  64  76  84  81  48  60  64  86  32  60  84  100 3   68  75  26  32  36  98  56  31  29  21  68  36  45  93  81  71  45  95  43  16  32  11  37  4   8   69  47  80  6   25  3   39  97  63  69  19  62  1   27  18  76  65  74  48  5   8   88  95  20  30  75  9   15  89  92  1   35  87  73 
35  0   79  58  89  68  72  70  100 61  24  83  62  49  12  64  54  56  47  68  40  64  82  15  95  82  34  97  9   41  14  36  98  0   23  41  100 24  32  30  92  94  83  51  79  68  100 69  52  68  80  86  46  82  42  42  20  33  4   83  34  20  27  55  60  18  51  23  8   39  73  15  97  31  88  6   55  11  11  6   45  73  87  44  72  9   0   57  95  49  91  19  53  24  80  100 58  43  38  19 
45  2   5   61  4   57  8   83  23  58  3   16  8   12  54  28  24  77  70  79  21  11  82  10  59  9   47  14  16  99  84  51  22  47  86  94  1   98  4   62  38  21  54  61  9   51  54  41  48  63  72  14  41  93  18  72  61  26  20  33  92  4   27  35  44  71  10  35  70  3   73  28  34  31  10  89  41  97  71  64  44  68  82  74  59  79  92  100 77  77  36  61  5   74  20  81  14  100 38  67 
78  90  59  72  75  4   100 97  14  85  94  30  5   83  11  68  78  80  92  72  52  56  28  77  36  57  90  74  45  90  41  27  37  36  50  42  95  14  85  12  64  62  41  83  25  47  11  25  35  79  23  25  22  71  14  4   82  23  32  59  100 17  48  55  71  56  16  8   100 5   9   29  40  37  60  57  59  95  27  93  60  37  79  90  3   83  15  79  15  76  61  44  5   85  23  32  61  41  64  66 
69  67  78  97  6   58  91  25  78  78  47  44  83  65  55  25  95  24  32  71  22  19  66  13  60  32  39  28  26  80  6   33  24  58  98  95  43  92  36  88  48  63  17  95  93  46  8   0   29  14  70  78  53  19  98  8   100 44  27  62  37  21  22  28  78  88  21  49  35  49  18  40  20  2   13  99  52  19  33  56  31  61  61  20  63  6   14  88  18  4   93  96  34  8   31  84  25  46  37  40 
35  82  24  0   27  97  59  61  80  68  50  42  30  90  40  27  43  3   14  54  33  72  1   49  76  14  25  99  79  24  47  81  67  46  17  96  78  11  44  41  16  56  11  5   14  21  6   67  49  79  29  40  23  56  63  0   44  80  36  82  24  76  61  62  93  90  13  71  62  70  62  14  0   83  97  10  76  64  55  32  93  41  61  5   72  53  40  25  89  69  66  90  47  21  17  65  36  9   98  54 
94  82  12  59  73  99  88  60  76  20  60  8   2   51  56  35  92  38  82  39  39  62  37  23  46  47  42  45  2   61  62  46  72  57  40  53  34  22  84  18  100 42  58  99  100 23  27  37  27  64  21  99  60  0   99  79  11  42  12  57  47  66  46  15  45  53  100 53  69  25  11  74  24  62  53  90  25  90  46  11  48  48  61  91  98  12  47  18  66  42  35  100 97  6   70  92  3   33  23  41 
72  51  55  92  40  12  44  6   26  85  90  87  76  58  28  83  96  49  46  2   22  45  91  28  92  79  24  25  50  71  20  22  36  34  38  74  76  4   78  95  8   86  47  20  50  35  15  65  53  79  6   55  73  100 6   66  55  38  58  35  31  15  88  87  93  90  99  28  63  7   4   89  83  21  10  58  22  100 76  23  22  77  51  38  30  45  38  24  37  76  47  41  11  39  80  13  63  41  96  80 
13  43  9   74  100 59  56  23  39  35  88  52  13  73  30  30  1   60  60  56  91  2   13  63  76  59  0   5   82  61  38  38  77  62  43  55  97  53  17  6   65  40  28  99  57  77  75  44  50  19  16  53  94  82  80  24  49  46  52  93  75  14  3   91  59  14  88  92  22  54  47  48  88  63  34  80  0   14  73  93  13  63  58  82  52  22  86  50  12  22  30  35  70  59  81  20  37  26  23  65 
88  12  95  62  57  11  85  71  26  10  69  65  24  81  44  12  21  87  79  7   11  72  91  69  61  49  71  72  71  76  54  99  67  89  63  65  12  87  8   25  70  69  35  95  28  1   82  99  95  77  70  0   15  17  14  69  67  11  95  48  18  26  68  28  13  70  62  62  39  90  38  24  45  23  21  81  77  98  100 82  48  99  25  86  27  23  25  66  65  46  12  39  26  90  5   63  19  77  31  75 
21  82  53  60  19  78  1   87  46  87  2   71  19  96  25  43  85  40  14  36  68  54  0   24  41  50  0   63  29  84  51  82  85  17  43  92  22  0   99  71  36  37  86  39  67  73  59  47  37  9   24  14  88  23  76  55  75  3   56  24  69  85  45  27  37  56  20  69  78  92  89  88  46  91  89  6   4   62  42  58  49  74  95  98  73  55  32  9   32  53  59  66  83  72  16  99  24  57  14  9  
3   92  74  74  71  14  24  8   77  32  36  17  75  66  81  100 82  59  57  76  7   7   28  38  0   77  72  53  36  0   23  44  49  12  34  44  32  46  4   21  32  12  69  96  95  73  41  17  34  17  56  97  17  20  90  91  16  67  55  43  32  81  83  75  66  85  7   46  39  73  75  42  77  79  48  29  88  20  86  34  9   26  79  52  88  87  60  20  59  47  28  60  100 86  6   39  40  63  41  9  
84  53  36  27  26  41  96  56  25  25  27  20  63  42  75  79  58  46  30  64  79  54  71  89  85  57  87  37  83  24  35  72  67  79  40  31  43  58  12  66  74  67  31  48  34  34  77  48  44  68  35  99  65  78  61  90  28  1   91  69  7   11  99  83  44  23  90  91  44  81  94  74  92  70  100 31  60  50  7   86  13  90  44  25  67  28  53  56  100 35  64  17  65  79  33  72  95  25  73  31 
67  81  46  32  1   99  54  85  94  82  17  34  13  3   32  75  96  28  21  34  40  54  38  68  71  11  86  79  66  50  22  74  21  7   93  38  2   63  92  31  13  48  64  39  69  76  88  6   69  62  17  64  75  100 13  6   41  64  48  63  25  88  12  17  47  46  10  18  55  30  32  68  59  58  71  89  8   44  81  83  54  87  100 54  32  19  12  64  84  45  3   35  73  23  23  1   63  99  78  99 
85  14  11  21  73  78  66  14  68  41  6   94  18  89  66  82  36  63  83  18  75  38  72  18  77  65  56  76  85  53  40  88  62  69  61  38  51  47  62  32  2   65  62  53  94  68  38  67  63  79  84  32  39  46  45  75  13  51  99  40  99  20  12  74  11  36  97  45  80  39  62  72  14  65  10  81  85  37  12  29  11  0   53  67  69  64  21  91  56  29  47  61  57  24  49  74  85  8   82  23 
25  2   64  71  12  44  76  80  43  5   0   47  89  87  50  17  39  58  49  62  38  66  56  36  8   90  85  63  2   5   14  59  34  50  62  57  83  91  67  48  7   67  85  57  55  87  88  9   17  85  69  96  0   37  84  88  25  45  49  70  48  88  59  68  83  79  16  67  10  100 1   46  29  85  82  32  25  34  66  8   3   58  15  4   91  66  60  33  84  90  33  28  95  33  100 89  66  89  10  78 
11  87  46  96  69  87  40  55  98  97  41  16  59  82  82  81  77  94  88  8   57  75  74  38  33  22  43  35  52  43  40  66  16  85  69  75  26  38  67  83  17  87  28  43  51  37  56  0   72  24  84  25  15  88  56  61  23  38  43  88  14  24  34  38  76  17  29  73  44  69  56  7   5   20  51  84  52  30  87  31  99  94  24  71  69  83  57  2   45  87  53  97  55  51  29  36  94  6   79  81 
1   57  76  84  23  53  68  16  67  16  92  13  72  7   79  89  6   35  41  2   12  62  72  67  20  96  17  50  87  19  80  27  40  5   66  27  42  54  99  16  89  28  94  53  90  46  40  12  46  93  54  57  15  41  100 66  71  83  44  14  69  31  31  58  66  3   1   70  16  41  49  17  17  88  10  87  86  74  95  75  41  75  83  17  32  89  55  85  7   23  76  98  11  18  74  59  76  16  87  62 
79  35  13  31  6   73  57  54  13  61  24  68  27  52  44  89  39  95  52  20  36  74  63  50  64  35  52  96  68  84  56  89  17  94  65  39  90  84  19  74  45  41  55  85  27  33  75  4   12  63  32  83  32  70  78  70  56  52  77  44  34  51  64  28  89  92  60  66  45  48  83  30  56  72  67  42  67  54  20  94  93  66  27  41  84  92  37  92  64  75  53  62  71  17  46  7   19  50  58  98 
37  88  68  17  81  17  67  27  78  9   83  19  79  85  1   100 14  91  65  13  82  18  71  77  60  79  27  46  33  86  60  99  31  49  86  94  42  9   44  34  11  49  32  59  58  19  39  51  12  0   21  26  91  71  79  62  23  58  51  9   17  84  73  34  29  54  61  32  67  97  23  44  54  76  23  0   88  3   77  16  73  92  100 74  59  20  15  39  18  3   34  62  28  44  83  1   54  36  55  64 
99  61  6   91  41  48  52  70  6   34  20  85  54  69  70  10  17  39  67  49  58  87  42  70  6   79  14  36  18  47  50  73  6   15  39  12  96  92  32  7   23  45  86  42  27  68  36  37  91  31  5   87  51  75  46  27  2   51  42  95  8   17  69  29  44  26  38  12  44  48  13  71  25  15  18  79  1   63  23  46  7   48  52  23  28  37  76  80  53  10  88  77  9   11  19  9   19  17  0   3  
51  71  70  54  86  43  20  76  82  58  35  67  44  89  76  85  66  11  79  7   58  76  86  46  70  94  100 37  23  4   5   23  56  85  43  36  12  0   20  93  50  90  68  78  90  39  75  93  52  84  81  35  9   38  35  9   77  24  92  4   36  30  51  36  59  38  5   66  56  16  38  38  66  77  53  62  21  19  75  93  72  64  93  56  84  72  2   75  97  18  28  64  65  14  62  19  11  0   86  35 
11  51  36  34  52  10  16  8   75  95  53  31  84  77  88  0   32  61  7   7   27  84  67  14  94  61  77  30  45  68  62  11  78  90  5   80  42  74  17  45  30  38  70  77  39  31  50  55  77  97  10  49  33  46  26  87  53  87  68  54  33  66  81  83  60  23  21  97  64  85  97  100 21  59  92  65  37  40  81  45  87  43  88  22  47  40  3   60  100 18  68  21  14  22  50  22  99  82  77  37 
45  70  60  40  72  25  36  81  39  74  52  27  68  8   63  70  27  51  29  61  92  68  60  53  26  20  85  66  60  35  3   33  83  85  13  99  33  23  62  47  81  19  2   84  78  35  56  71  97  56  63  40  97  53  2   46  68  26  66  69  83  27  46  88  32  72  95  90  44  65  8   88  55  82  65  64  22  65  99  4   7   32  69  78  50  91  64  11  99  74  84  95  38  80  36  24  4   96  97  33 
1   55  53  85  4   30  18  73  24  68  83  98  31  100 10  80  37  46  7   89  85  30  11  19  40  80  33  39  12  74  96  100 61  35  87  78  89  7   13  22  75  72  26  20  45  74  52  82  93  81  90  48  21  43  73  39  82  76  86  99  82  85  56  28  4   32  43  10  71  22  81  60  88  27  23  14  66  17  35  83  83  54  73  37  42  54  20  70  82  45  31  8   8   68  94  52  82  98  28  67 
