10 20
0   88  13  21  19  92  14  89  75  44  95  26  12  47  85  42  100 91  16  74 
89  27  18  68  32  15  81  31  99  56  94  100 36  35  3   72  57  19  87  21 
28  38  72  72  58  16  83  57  23  77  98  70  20  4   96  14  59  62  37  60 
73  3   21  1   31  71  19  83  30  6   33  29  67  7   23  0   94  67  64  31 
29  18  55  87  91  15  73  31  0   3   95  69  19  9   31  9   38  58  34  98 
2   100 4   17  58  6   44  14  25  45  34  25  13  51  5   26  64  68  51  18 
50  35  11  7   88  95  22  53  64  30  32  63  85  93  78  98  16  12  64  52 
7   3   65  10  80  53  58  87  43  82  97  96  48  54  9   19  1   26  46  5  
91  6   13  71  22  38  5   10  13  55  35  29  85  15  81  32  63  34  44  32 
54  56  32  27  35  13  99  6   69  69  85  86  45  6   25  20  59  65  58  61 
