10 20
65  33  11  18  50  88  74  4   63  18  50  11  55  1   43  50  33  71  80  90 
8   86  8   27  21  81  18  56  19  48  99  69  75  32  17  15  94  20  39  48 
96  49  80  93  46  71  31  85  53  83  11  3   84  86  19  40  68  89  0   99 
29  41  52  90  66  85  5   7   95  8   18  8   72  81  58  99  23  64  28  66 
49  77  69  6   19  65  45  42  63  25  39  0   32  18  28  23  74  90  91  59 
95  77  22  20  80  62  76  86  95  79  21  75  60  99  47  71  2   90  21  71 
37  71  41  92  80  20  84  1   18  92  95  20  55  37  9   64  76  0   28  91 
89  58  88  12  64  89  74  73  86  29  71  72  30  15  39  21  3   61  85  26 
90  40  5   64  56  80  55  80  99  21  68  15  99  21  81  97  62  77  90  91 
19  85  78  29  21  0   72  79  60  6   39  74  46  81  80  42  69  15  74  3  
