36 50
56  78  2   66  2   47  59  9   27  28  14  31  67  95  16  82  36  85  40  83  16  86  89  55  66  41  31  36  41  99  12  8   77  66  6   92  46  89  35  28  68  98  59  29  80  4   75  92  7   41 
70  56  82  59  91  79  26  74  99  68  91  80  61  99  57  95  96  23  8   4   71  24  12  67  31  65  43  10  87  83  0   83  75  13  78  52  14  99  37  55  97  62  32  9   64  90  50  30  19  25 
76  26  94  49  74  80  86  65  94  86  49  70  10  89  52  82  68  53  46  78  3   20  54  67  36  33  72  67  80  27  40  40  85  26  55  49  76  27  18  32  74  30  92  17  47  12  66  50  89  99 
19  72  62  1   56  58  14  76  77  7   63  69  91  45  51  2   72  51  27  59  7   76  58  11  27  52  63  61  43  44  1   72  11  56  21  98  27  69  75  41  86  61  5   96  71  53  59  6   54  42 
76  47  39  84  16  44  13  5   86  49  35  47  95  55  93  32  6   19  52  21  95  42  52  41  74  82  2   25  90  88  75  45  76  52  32  6   93  11  18  90  15  50  46  48  44  95  23  36  74  72 
86  85  88  30  85  16  78  84  38  82  7   36  19  66  33  30  15  8   26  37  28  41  24  2   95  53  47  43  27  34  9   62  100 63  9   56  76  70  29  59  42  63  43  23  37  31  14  20  56  95 
98  34  15  83  76  81  20  35  24  42  54  71  1   48  69  77  87  8   25  9   9   50  41  74  47  95  74  92  89  80  87  17  3   92  83  44  32  70  31  90  76  83  92  57  75  11  36  55  9   55 
10  64  22  7   59  92  38  68  93  85  91  87  70  50  77  4   1   12  80  55  36  83  100 19  96  33  77  82  35  59  27  21  24  13  50  12  26  68  26  60  81  48  75  80  30  5   60  80  48  19 
6   83  26  35  42  10  64  68  49  4   43  19  95  55  25  40  72  4   79  7   44  60  97  8   31  95  48  20  32  92  44  60  18  50  62  85  1   92  15  26  90  52  1   59  50  37  36  23  81  77 
77  15  36  73  14  9   25  53  25  93  58  93  74  51  40  56  53  3   39  26  85  58  42  8   30  74  39  49  22  27  22  14  26  8   92  10  65  75  56  45  51  72  30  2   73  75  65  9   72  35 
11  32  96  8   47  18  38  21  67  82  86  89  60  60  53  95  77  49  0   92  90  32  69  71  75  13  39  0   37  5   28  38  47  15  1   41  86  59  64  49  51  4   77  31  74  67  85  70  51  91 
33  40  39  59  6   34  63  68  40  47  51  44  6   35  76  20  52  96  96  64  47  15  41  67  84  25  47  72  5   93  38  100 5   77  78  34  52  35  97  97  89  28  50  68  29  1   56  2   61  49 
3   78  50  6   69  58  15  11  19  18  5   26  12  20  85  28  73  65  99  13  64  16  72  100 96  16  15  88  90  88  97  84  82  14  1   12  45  83  99  97  29  72  66  44  59  17  29  100 27  30 
74  90  11  94  16  0   38  84  93  91  64  93  23  1   0   35  6   11  31  60  87  48  83  79  18  52  50  53  45  3   38  36  37  5   76  52  17  5   53  65  49  18  80  57  20  65  13  65  85  63 
1   93  16  2   9   39  91  53  8   56  96  61  75  87  53  97  25  77  4   34  52  48  72  18  7   23  65  3   78  93  91  33  83  72  26  26  47  20  95  64  79  13  29  17  5   96  17  37  40  13 
38  91  55  90  6   3   49  46  91  17  24  25  20  88  57  77  59  11  49  64  71  88  35  21  25  78  78  22  63  48  36  62  12  77  78  90  60  66  38  62  20  16  92  15  77  20  47  64  28  46 
15  94  26  98  29  66  14  30  53  37  79  100 67  39  74  63  0   87  94  48  72  95  80  43  91  65  77  79  71  71  50  47  42  29  86  54  24  12  93  69  66  91  7   2   53  1   35  99  76  98 
30  81  90  70  58  19  65  4   90  10  0   59  68  89  87  54  90  34  56  25  57  14  34  55  4   81  30  49  73  21  68  90  63  96  85  7   80  89  95  92  9   65  64  46  83  44  5   34  82  72 
24  29  25  57  40  26  68  13  67  46  39  100 89  1   98  59  87  85  5   64  47  53  24  24  83  95  59  47  10  67  68  32  77  33  36  64  11  67  67  37  6   82  23  18  3   20  34  54  44  84 
72  85  87  19  23  13  6   93  93  6   28  53  9   95  83  63  91  76  56  77  78  51  62  62  77  28  81  3   31  85  24  34  41  80  32  66  16  99  42  51  21  1   82  44  7   42  53  84  31  69 
74  20  15  80  7   41  28  65  28  7   77  83  39  68  51  21  12  23  26  35  37  83  95  49  1   3   72  19  74  51  44  93  7   26  4   47  82  38  66  24  74  42  62  72  73  23  73  82  56  16 
35  14  78  9   55  100 16  36  22  96  47  48  17  75  96  7   18  39  79  99  28  39  60  68  22  81  43  72  58  81  12  91  98  25  51  82  42  40  33  35  83  67  83  61  94  27  7   40  86  56 
75  9   57  45  21  57  64  54  62  31  19  29  71  66  22  88  24  58  34  30  66  3   21  97  0   65  98  4   74  95  45  18  40  86  19  62  68  50  49  63  100 97  100 43  95  92  42  24  77  53 
26  10  4   17  80  4   87  64  26  85  88  81  42  95  60  26  36  54  89  66  51  73  6   57  63  10  43  19  60  5   13  57  24  97  62  67  57  84  6   40  88  41  6   31  30  54  48  36  96  69 
46  4   43  75  49  78  70  90  58  50  1   34  56  90  54  5   77  64  56  94  76  91  66  93  2   86  74  84  15  64  88  37  46  79  97  69  33  96  68  11  93  43  79  67  77  63  92  98  16  39 
93  92  27  63  28  81  52  81  96  82  14  42  94  72  79  82  76  87  26  96  3   77  46  84  27  9   45  40  2   11  86  43  64  12  14  70  5   74  55  94  30  100 30  31  54  90  45  18  15  99 
69  2   60  48  34  60  62  48  27  60  13  90  24  60  7   65  59  71  8   89  62  69  7   21  78  16  72  8   95  36  77  87  66  32  30  84  4   13  59  83  34  58  73  69  62  79  98  78  51  9  
41  85  31  77  88  49  59  25  27  96  13  62  91  46  9   55  31  4   14  49  1   87  64  86  46  4   84  77  62  32  75  87  24  53  73  65  56  7   68  73  14  19  75  56  4   48  35  84  31  83 
58  10  48  86  64  50  24  99  30  85  42  41  83  61  78  3   43  19  81  83  89  95  34  79  47  90  85  14  1   70  46  8   39  40  86  75  75  59  92  72  47  1   39  42  50  54  34  78  75  40 
25  85  17  54  9   59  26  19  6   79  27  6   21  4   77  73  92  6   66  27  30  65  91  82  94  4   11  58  48  34  32  21  83  35  100 45  6   98  56  88  21  44  54  96  17  83  93  99  13  42 
41  87  44  78  79  5   65  59  54  4   85  60  86  44  60  5   62  97  17  50  34  85  41  49  28  70  24  17  19  29  29  91  79  1   46  32  48  10  100 34  33  65  54  1   47  25  65  97  61  71 
77  5   64  84  32  14  90  50  52  41  65  67  68  59  94  9   12  46  94  18  73  47  11  82  9   88  23  40  37  40  19  50  29  90  27  93  58  75  47  8   31  43  38  7   97  27  100 6   45  90 
80  25  21  29  26  49  73  54  86  89  52  70  61  65  41  27  97  11  45  77  41  6   41  93  2   9   30  13  34  47  16  65  71  19  28  16  57  8   12  18  35  46  45  48  69  89  4   92  85  2  
27  26  87  80  46  54  100 23  35  31  67  35  26  77  21  87  95  48  41  12  97  23  52  2   34  94  44  85  53  35  67  28  2   83  81  63  1   8   51  92  67  63  17  41  26  42  34  93  84  66 
97  5   70  72  63  81  29  48  99  50  30  81  74  49  70  94  68  66  24  5   24  29  93  35  100 97  65  75  66  4   95  27  27  87  86  55  10  45  0   38  68  23  39  92  46  91  90  6   65  13 
23  42  16  31  38  69  36  62  17  70  22  41  19  33  49  28  24  95  91  8   84  93  23  65  66  53  81  93  2   61  69  22  34  98  10  31  50  95  31  7   83  30  70  84  14  46  15  22  44  35 
