36 50
75  69  27  51  0   9   44  92  5   24  63  75  55  3   78  53  40  90  97  72  60  7   72  2   96  65  81  85  96  97  53  70  56  70  18  79  47  55  11  88  72  71  75  31  24  62  60  57  60  16 
66  70  41  80  23  83  97  16  0   10  39  19  27  13  25  5   53  19  85  52  56  8   11  36  12  13  62  97  52  53  47  59  22  59  28  50  28  3   97  13  87  42  98  29  43  28  20  35  35  96 
75  50  95  80  58  2   54  57  37  26  34  87  26  91  97  1   18  52  52  54  92  55  61  10  97  46  7   50  82  93  30  49  95  48  90  67  63  47  95  61  41  98  30  74  96  53  38  66  92  76 
15  62  65  82  68  42  93  87  13  6   16  26  72  30  58  97  53  23  82  78  98  37  81  17  68  51  100 16  62  2   74  19  20  29  84  98  8   34  49  28  86  42  2   74  85  6   96  29  49  84 
54  30  12  80  42  65  67  57  23  20  60  88  67  50  8   20  22  16  67  13  80  57  55  98  74  36  80  63  91  2   58  33  26  51  24  98  92  8   65  24  97  51  84  34  95  42  93  76  39  99 
25  75  61  76  63  63  80  86  63  7   41  74  30  10  3   46  26  72  73  32  59  16  51  93  63  59  95  55  92  17  31  25  89  35  1   60  91  3   42  55  86  14  23  87  41  67  7   86  9   47 
81  45  92  33  55  36  62  43  43  77  53  91  15  23  95  37  78  29  39  48  59  48  62  84  41  93  69  100 83  67  39  42  5   71  98  9   34  14  61  81  99  45  36  65  94  2   74  14  16  42 
38  49  61  43  78  100 45  12  78  31  50  22  96  83  11  88  0   23  17  86  91  56  8   51  67  37  95  86  78  65  32  38  45  50  17  47  13  67  48  24  60  85  12  73  38  87  0   69  36  33 
49  0   57  65  66  95  9   71  9   42  7   46  15  63  1   100 71  17  33  60  17  65  17  29  96  25  57  15  7   46  85  71  60  83  18  0   10  64  21  78  35  33  98  29  60  25  15  14  52  66 
37  78  29  2   49  57  71  24  59  11  16  52  8   76  91  15  46  64  88  53  98  54  73  71  68  13  79  47  18  51  72  89  35  11  42  29  53  17  0   24  90  100 25  39  3   18  12  76  56  88 
46  11  70  78  28  25  73  28  56  9   100 45  85  81  40  23  60  95  33  5   14  55  18  37  56  56  29  77  3   61  5   15  58  76  18  5   35  100 84  82  14  63  88  83  34  59  89  71  12  87 
63  42  5   36  2   73  48  66  25  79  93  62  45  39  62  54  16  20  2   42  34  10  65  62  53  59  61  82  90  49  32  46  57  94  95  18  25  88  4   78  63  100 90  29  57  88  34  69  12  0  
49  27  9   44  71  54  100 71  28  14  36  96  61  6   17  100 69  85  23  43  31  54  7   81  81  2   2   51  74  87  10  94  35  25  50  54  61  3   92  46  64  77  19  8   68  7   54  26  23  11 
76  43  66  24  20  12  19  68  8   27  32  42  70  24  38  24  72  92  81  7   98  37  53  53  25  96  66  89  37  42  77  70  24  18  67  46  14  99  52  85  14  53  17  100 31  64  83  24  85  36 
20  64  91  12  91  10  80  15  96  48  9   3   74  66  96  97  33  80  13  16  6   78  30  76  70  11  88  53  52  66  23  69  82  86  44  35  18  62  50  6   16  24  94  48  7   12  92  92  84  38 
86  95  50  14  100 77  97  25  76  26  54  25  71  8   35  5   68  11  6   58  5   71  98  90  26  100 59  47  54  51  10  76  85  98  38  99  30  91  31  14  37  43  81  39  21  28  31  87  76  68 
66  98  34  59  30  70  10  8   74  27  81  69  57  63  76  59  0   90  27  86  33  41  81  50  88  27  100 38  26  86  54  41  69  2   77  56  40  57  8   72  91  24  47  55  44  0   59  67  7   54 
33  31  32  60  16  4   19  44  31  11  72  36  89  28  0   64  7   68  96  81  76  17  70  60  28  96  26  60  14  56  77  34  58  36  73  97  16  36  31  55  34  95  32  64  68  5   85  74  85  72 
74  3   76  19  42  67  42  4   8   2   61  95  75  78  4   48  13  69  25  19  9   49  26  47  80  89  73  90  57  56  95  92  39  60  21  49  62  0   55  79  36  5   19  4   22  38  17  12  36  64 
87  11  56  27  35  38  31  43  37  83  37  16  38  64  25  97  53  48  86  35  0   74  15  88  51  98  62  45  18  59  7   46  5   68  53  64  79  38  97  63  34  84  77  40  88  99  51  74  33  82 
2   71  62  21  20  49  29  69  8   52  58  92  41  30  100 82  89  31  96  41  82  1   95  53  73  99  25  70  50  67  32  60  22  61  99  100 55  41  30  50  23  35  91  35  45  61  23  92  19  90 
21  49  36  90  64  100 82  44  73  10  38  61  26  13  24  7   5   65  52  2   37  32  15  90  16  19  39  76  38  87  15  4   69  58  44  0   12  17  78  35  21  8   53  46  78  44  29  21  64  69 
7   51  79  96  24  10  0   21  94  89  6   95  71  41  48  30  98  58  9   26  15  54  89  69  97  49  54  91  52  59  26  7   62  72  65  33  60  4   14  40  40  85  22  53  88  96  24  71  33  7  
37  92  96  59  47  2   56  28  70  98  62  72  61  56  68  57  92  70  97  21  79  17  15  51  21  64  76  13  81  69  83  53  38  74  32  42  8   37  12  96  30  96  87  39  61  9   42  16  24  61 
100 29  19  81  59  72  67  45  30  25  95  19  27  1   7   94  43  79  28  22  25  44  62  0   0   71  95  75  45  26  2   5   0   63  35  85  8   61  30  49  89  86  84  26  25  83  98  62  61  68 
27  71  62  32  95  35  14  12  2   13  43  52  38  56  100 2   81  4   35  54  12  25  24  51  68  49  38  53  7   16  7   68  59  91  89  37  33  86  34  27  85  61  91  13  63  75  74  27  39  3  
42  59  71  53  100 28  80  22  83  98  74  78  67  66  6   75  68  30  86  36  51  63  20  96  14  34  73  77  33  36  13  64  14  91  27  11  40  97  34  17  82  79  64  77  14  13  53  71  39  80 
89  21  21  7   80  89  84  92  17  33  85  50  50  2   44  38  2   89  35  18  30  87  60  98  2   35  7   67  71  76  81  78  66  86  83  35  81  28  90  52  81  7   87  50  66  14  45  54  55  1  
0   76  45  33  76  39  80  7   77  82  69  56  27  83  66  36  19  76  94  65  12  78  52  29  31  31  100 2   44  5   48  73  16  53  0   42  20  63  95  80  89  52  20  16  36  30  24  48  77  5  
37  42  82  85  100 100 12  90  50  77  10  17  50  23  51  14  67  28  38  82  70  77  90  50  35  40  39  74  48  45  41  45  23  39  1   60  72  27  53  49  74  96  75  61  76  23  76  72  89  0  
2   87  21  100 7   6   30  100 25  80  75  18  30  62  83  36  0   56  91  37  36  93  90  65  66  32  93  49  73  38  50  15  100 18  23  0   23  68  88  12  22  58  33  66  67  34  94  31  74  39 
83  67  16  61  94  80  99  21  5   78  88  25  58  28  5   2   64  16  40  82  40  89  13  34  69  48  23  6   38  66  1   86  82  16  76  79  45  74  86  33  40  59  84  11  11  95  26  42  78  43 
82  55  48  26  25  86  46  60  90  36  56  77  15  73  12  17  11  50  84  99  94  96  63  17  2   94  65  81  47  30  20  75  4   69  24  7   46  91  76  97  90  57  0   97  81  18  70  27  96  16 
94  75  15  27  36  30  70  24  41  90  99  38  96  53  68  10  62  43  6   42  60  88  6   39  51  87  96  33  6   5   10  46  55  27  85  8   9   24  90  92  8   58  93  98  22  59  85  61  2   52 
72  42  66  65  44  68  30  41  12  40  15  81  88  1   10  100 95  76  61  4   64  97  29  88  47  86  70  57  72  67  23  42  78  84  49  1   33  76  63  91  84  84  44  1   59  11  59  74  91  2  
67  72  97  26  9   8   27  42  76  13  47  6   32  77  3   84  83  63  97  57  63  6   40  21  98  53  63  40  78  38  20  68  66  42  72  18  70  49  33  78  73  82  79  5   72  26  25  98  80  47 
